1.409999999999999969e-02
1.201250000000000061e-02
1.213750000000000072e-02
7.749999999999999728e-04
8.712499999999999759e-03
2.040000000000000147e-02
4.575000000000000074e-03
2.137500000000000077e-03
5.687499999999999847e-03
2.150000000000000001e-03
7.412499999999999818e-03
6.112499999999999878e-03
3.899999999999999821e-03
1.105000000000000079e-02
2.062500000000000097e-03
2.687499999999999785e-03
7.799999999999999642e-03
1.416249999999999974e-02
1.251249999999999932e-02
3.537499999999999846e-03
7.450000000000000025e-03
6.649999999999999661e-03
8.574999999999999289e-03
1.001250000000000057e-02
4.550000000000000225e-03
9.749999999999999552e-04
4.324999999999999852e-03
2.773749999999999827e-02
3.262500000000000209e-03
5.162500000000000422e-03
1.575000000000000011e-03
1.116250000000000055e-02
1.371250000000000073e-02
1.214999999999999934e-02
8.049999999999999864e-03
1.299999999999999940e-03
7.262499999999999858e-03
5.187500000000000271e-03
4.487500000000000169e-03
3.200000000000000153e-03
2.087499999999999946e-03
5.537499999999999888e-03
1.092500000000000068e-02
2.562499999999999847e-02
1.111250000000000085e-02
3.412500000000000255e-02
3.462499999999999866e-03
1.003749999999999955e-02
1.093749999999999931e-02
6.850000000000000186e-03
5.499999999999999681e-03
2.637500000000000087e-03
2.975000000000000214e-03
1.778750000000000123e-02
7.787500000000000151e-03
1.496250000000000011e-02
1.100000000000000066e-03
6.199999999999999782e-03
1.700000000000000122e-02
3.712500000000000088e-03
2.112499999999999795e-03
1.017500000000000002e-02
9.499999999999999764e-03
4.262499999999999796e-03
1.017500000000000002e-02
5.162500000000000422e-03
4.449999999999999963e-03
5.462500000000000341e-03
1.131249999999999964e-02
6.037500000000000332e-03
1.271249999999999984e-02
2.812499999999999896e-03
5.012499999999999595e-03
4.850000000000000144e-03
5.875000000000000014e-03
8.387500000000000858e-03
1.389999999999999916e-02
1.305000000000000084e-02
2.562500000000000108e-03
5.474999999999999832e-03
5.100000000000000366e-03
1.825000000000000016e-03
3.887499999999999897e-03
2.062500000000000097e-03
1.230000000000000017e-02
7.112499999999999899e-03
2.043750000000000080e-02
4.612500000000000280e-03
1.075000000000000001e-03
9.825000000000000400e-03
1.011249999999999996e-02
2.157500000000000043e-02
2.137500000000000077e-03
4.062500000000000139e-03
2.150000000000000001e-03
1.725000000000000144e-02
1.343749999999999979e-02
1.949999999999999910e-03
5.499999999999999681e-03
2.500000000000000052e-03
3.837500000000000199e-03
1.187499999999999971e-03
3.024999999999999911e-03
8.937499999999999264e-03
1.091250000000000032e-02
5.537499999999999888e-03
1.983750000000000097e-02
4.862499999999999635e-03
2.837500000000000178e-03
6.187500000000000291e-03
1.036250000000000018e-02
2.462499999999999845e-03
1.106249999999999942e-02
2.425000000000000072e-03
1.431250000000000057e-02
1.067500000000000046e-02
5.187500000000000271e-03
1.862500000000000006e-03
1.192499999999999984e-02
1.062500000000000076e-02
5.512500000000000039e-03
6.412499999999999797e-03
9.787499999999999326e-03
8.737500000000000475e-03
6.162499999999999575e-03
7.224999999999999652e-03
9.437499999999999709e-03
5.387499999999999928e-03
