1.503750000000000052e-02
9.050000000000000752e-03
2.380000000000000171e-02
5.024999999999999953e-03
8.537499999999999950e-03
1.941249999999999920e-02
8.499999999999999526e-04
5.725000000000000054e-03
1.167499999999999961e-02
5.700000000000000205e-03
6.812499999999999979e-03
1.887500000000000072e-03
3.674999999999999881e-03
1.623749999999999846e-02
2.012499999999999966e-03
2.287500000000000037e-03
3.799999999999999992e-03
5.437499999999999625e-03
3.374999999999999962e-03
4.575000000000000074e-03
2.862500000000000027e-03
1.562500000000000000e-02
1.692499999999999907e-02
1.363750000000000032e-02
5.675000000000000357e-03
9.250000000000000409e-04
4.850000000000000144e-03
2.112500000000000142e-02
4.812499999999999938e-03
7.387499999999999969e-03
4.975000000000000255e-03
1.026250000000000079e-02
1.583750000000000088e-02
6.812499999999999979e-03
1.736249999999999946e-02
1.190000000000000085e-02
2.637500000000000087e-03
6.087500000000000029e-03
1.537500000000000021e-03
4.462500000000000321e-03
3.425000000000000093e-03
1.537500000000000021e-03
6.937500000000000090e-03
1.810000000000000150e-02
7.074999999999999692e-03
2.593749999999999875e-02
3.587499999999999977e-03
3.187499999999999795e-03
2.324999999999999810e-03
6.487500000000000211e-03
9.900000000000000813e-03
4.324999999999999852e-03
5.187500000000000271e-03
2.510000000000000078e-02
2.099999999999999870e-03
7.462500000000000383e-03
7.137499999999999747e-03
1.103750000000000044e-02
8.725000000000000117e-03
5.499999999999999681e-03
2.949999999999999931e-03
1.176250000000000039e-02
7.062500000000000201e-03
6.412499999999999797e-03
9.624999999999999875e-03
2.962499999999999856e-03
3.237499999999999926e-03
6.700000000000000226e-03
4.962499999999999897e-03
7.487500000000000232e-03
2.437499999999999997e-03
2.637500000000000087e-03
2.013749999999999915e-02
4.675000000000000336e-03
2.000000000000000042e-03
1.167499999999999961e-02
1.026250000000000079e-02
8.237500000000000031e-03
7.875000000000000056e-03
3.812499999999999917e-03
5.525000000000000397e-03
4.049999999999999781e-03
4.125000000000000194e-03
4.362500000000000058e-03
2.099999999999999870e-03
9.187499999999999487e-03
2.321250000000000049e-02
8.137500000000000636e-03
1.319999999999999993e-02
9.324999999999999956e-03
2.305000000000000104e-02
1.290000000000000001e-02
1.337499999999999930e-03
5.599999999999999943e-03
4.349999999999999700e-03
7.924999999999999753e-03
2.305000000000000104e-02
4.062500000000000139e-03
8.099999999999999561e-03
6.774999999999999772e-03
4.712499999999999675e-03
3.299999999999999982e-03
5.024999999999999953e-03
5.137499999999999706e-03
1.053749999999999999e-02
4.437499999999999604e-03
6.687499999999999868e-03
2.024999999999999890e-03
2.650000000000000012e-03
1.116250000000000055e-02
1.846249999999999974e-02
2.249999999999999830e-03
9.462500000000000425e-03
3.687499999999999806e-03
1.149999999999999981e-02
8.512499999999999234e-03
3.437500000000000017e-03
2.362500000000000017e-03
5.837499999999999807e-03
5.575000000000000094e-03
4.162500000000000401e-03
5.487500000000000190e-03
4.649999999999999620e-03
1.837499999999999897e-02
8.987500000000000697e-03
3.912500000000000179e-03
5.362500000000000079e-03
9.324999999999999956e-03
