2.591250000000000150e-02
1.103750000000000044e-02
1.333750000000000040e-02
8.124999999999999627e-04
3.950000000000000386e-03
2.373750000000000165e-02
1.425000000000000051e-03
0.000000000000000000e+00
6.250000000000000347e-03
3.812499999999999917e-03
1.292500000000000072e-02
1.124999999999999969e-04
1.337499999999999930e-03
1.321250000000000029e-02
1.124999999999999969e-04
2.275000000000000112e-03
3.899999999999999821e-03
8.999999999999999320e-03
7.112499999999999899e-03
5.212500000000000119e-03
4.174999999999999892e-03
9.062499999999999375e-03
1.661249999999999880e-02
1.105000000000000079e-02
2.524999999999999901e-03
3.750000000000000078e-04
2.112499999999999795e-03
2.974999999999999867e-02
7.150000000000000105e-03
1.500000000000000031e-03
3.499999999999999964e-04
1.363750000000000032e-02
2.270000000000000143e-02
8.462499999999999536e-03
1.529999999999999936e-02
1.612500000000000001e-03
2.962499999999999856e-03
7.762500000000000303e-03
1.449999999999999900e-03
3.387499999999999886e-03
2.625000000000000163e-03
2.712500000000000067e-03
6.125000000000000236e-03
2.953750000000000125e-02
1.183750000000000080e-02
4.321250000000000091e-02
1.000000000000000021e-03
3.312499999999999906e-03
3.037499999999999836e-03
8.224999999999999672e-03
4.349999999999999700e-03
5.000000000000000240e-05
4.462500000000000321e-03
1.662500000000000089e-02
4.312500000000000361e-03
1.710000000000000062e-02
6.874999999999999601e-04
2.712500000000000067e-03
1.905000000000000096e-02
3.150000000000000022e-03
1.112499999999999991e-03
7.037500000000000352e-03
1.442500000000000032e-02
5.562499999999999736e-03
2.088749999999999982e-02
3.749999999999999861e-03
6.300000000000000044e-03
6.599999999999999964e-03
1.145000000000000011e-02
5.087500000000000008e-03
2.087499999999999946e-03
1.162499999999999905e-03
9.100000000000000450e-03
3.874999999999999864e-04
3.237499999999999926e-03
1.557500000000000030e-02
8.600000000000000006e-03
1.345000000000000015e-02
2.775000000000000123e-03
2.937500000000000007e-03
1.525000000000000097e-03
1.250000000000000026e-03
2.562500000000000108e-03
3.624999999999999750e-04
5.725000000000000054e-03
9.962499999999999134e-03
3.138749999999999873e-02
7.374999999999999611e-03
1.975000000000000193e-03
9.924999999999999795e-03
1.338750000000000009e-02
2.589999999999999941e-02
3.075000000000000042e-03
1.000000000000000021e-02
1.362499999999999996e-03
7.199999999999999803e-03
1.969999999999999876e-02
1.175000000000000046e-03
8.262500000000000747e-03
3.287500000000000058e-03
1.887500000000000072e-03
8.999999999999999754e-04
1.049999999999999935e-03
5.499999999999999681e-03
2.012500000000000053e-02
9.299999999999999239e-03
1.704999999999999918e-02
1.775000000000000102e-03
5.249999999999999676e-04
8.462499999999999536e-03
1.861250000000000057e-02
1.612500000000000001e-03
2.874999999999999951e-03
2.399999999999999790e-03
2.076249999999999971e-02
1.197499999999999953e-02
9.212500000000000203e-03
2.775000000000000123e-03
6.762500000000000282e-03
1.128750000000000066e-02
2.550000000000000183e-03
6.550000000000000266e-03
9.875000000000000097e-03
8.712499999999999759e-03
3.387499999999999886e-03
1.737499999999999895e-03
4.774999999999999731e-03
9.100000000000000450e-03
