1.596250000000000099e-02
1.051249999999999928e-02
1.013750000000000068e-02
1.123749999999999923e-02
8.512499999999999234e-03
9.837500000000000758e-03
7.074999999999999692e-03
1.949999999999999910e-03
5.587499999999999585e-03
2.299999999999999961e-03
1.129999999999999928e-02
3.412500000000000169e-03
6.012499999999999616e-03
8.325000000000000802e-03
7.249999999999999500e-04
2.475000000000000203e-03
7.575000000000000136e-03
1.397499999999999958e-02
9.812500000000000042e-03
6.975000000000000297e-03
6.474999999999999853e-03
6.074999999999999671e-03
9.199999999999999845e-03
9.974999999999999492e-03
7.962500000000000827e-03
2.437499999999999997e-03
9.324999999999999956e-03
1.060000000000000005e-02
7.812500000000000000e-03
4.749999999999999882e-03
1.449999999999999900e-03
7.224999999999999652e-03
1.023750000000000007e-02
8.750000000000000833e-03
6.400000000000000307e-03
1.124999999999999915e-03
5.812499999999999958e-03
6.937500000000000090e-03
5.162500000000000422e-03
5.049999999999999802e-03
4.162500000000000401e-03
5.987499999999999767e-03
1.722500000000000073e-02
2.278749999999999873e-02
1.608750000000000110e-02
1.884999999999999870e-02
3.924999999999999670e-03
1.237500000000000058e-02
8.087499999999999203e-03
8.925000000000000641e-03
3.762499999999999786e-03
3.225000000000000002e-03
9.900000000000000813e-03
8.550000000000000308e-03
7.749999999999999944e-03
9.187499999999999487e-03
2.949999999999999931e-03
3.337500000000000189e-03
9.787499999999999326e-03
5.199999999999999761e-03
4.150000000000000043e-03
1.476249999999999958e-02
8.975000000000000339e-03
8.362500000000000142e-03
9.962499999999999134e-03
8.474999999999999895e-03
4.000000000000000083e-03
3.412500000000000169e-03
1.531249999999999972e-02
2.275000000000000112e-03
1.266250000000000014e-02
6.474999999999999853e-03
5.174999999999999913e-03
6.987499999999999788e-03
1.698749999999999913e-02
1.096250000000000002e-02
5.012499999999999595e-03
1.276249999999999954e-02
5.950000000000000427e-03
4.675000000000000336e-03
2.749999999999999840e-03
1.147500000000000082e-02
4.575000000000000074e-03
1.812500000000000092e-03
8.112499999999999920e-03
1.518749999999999961e-02
1.391249999999999952e-02
4.112499999999999836e-03
3.112499999999999815e-03
7.924999999999999753e-03
1.064999999999999974e-02
1.110000000000000049e-02
4.825000000000000296e-03
6.087500000000000029e-03
5.212500000000000119e-03
1.477499999999999994e-02
1.154999999999999950e-02
3.637500000000000108e-03
3.425000000000000093e-03
3.200000000000000153e-03
4.987499999999999746e-03
1.387500000000000061e-03
1.230000000000000017e-02
7.675000000000000398e-03
8.462499999999999536e-03
1.260000000000000009e-02
8.637499999999999345e-03
1.214999999999999934e-02
4.100000000000000346e-03
5.287499999999999666e-03
1.093749999999999931e-02
6.725000000000000075e-03
8.300000000000000086e-03
8.649999999999999703e-03
7.700000000000000247e-03
7.112499999999999899e-03
4.712499999999999675e-03
3.462499999999999866e-03
1.438749999999999925e-02
1.549999999999999989e-02
2.637500000000000087e-03
4.987499999999999746e-03
1.485000000000000035e-02
3.937500000000000028e-03
5.287499999999999666e-03
1.181250000000000008e-02
2.512499999999999976e-03
5.599999999999999943e-03
