2.670000000000000151e-02
1.412500000000000040e-02
8.675000000000000419e-03
7.637500000000000192e-03
3.425000000000000093e-03
1.702499999999999847e-02
4.975000000000000255e-03
2.024999999999999890e-03
1.499999999999999944e-02
5.374999999999999570e-03
5.575000000000000094e-03
5.300000000000000024e-03
2.724999999999999992e-03
2.350000000000000006e-02
6.799999999999999621e-03
5.675000000000000357e-03
1.107499999999999978e-02
7.337500000000000272e-03
3.399999999999999811e-03
2.787500000000000047e-03
8.012500000000000525e-03
2.106250000000000136e-02
8.800000000000000530e-03
3.362500000000000037e-03
2.500000000000000052e-03
7.624999999999999833e-03
3.399999999999999811e-03
7.937500000000000111e-03
4.087499999999999988e-03
7.049999999999999843e-03
1.275000000000000092e-03
3.874999999999999972e-03
8.024999999999999148e-03
1.549999999999999989e-02
1.604999999999999830e-02
1.474999999999999966e-03
3.062500000000000118e-03
1.874999999999999931e-02
1.149999999999999981e-03
5.162500000000000422e-03
1.812500000000000092e-03
8.187500000000000333e-03
8.149999999999999259e-03
1.467500000000000054e-02
1.612500000000000001e-03
9.700000000000000289e-03
3.625000000000000184e-03
8.449999999999999178e-03
1.528750000000000074e-02
5.862499999999999656e-03
4.449999999999999963e-03
8.237500000000000031e-03
1.787500000000000026e-03
9.187499999999999487e-03
3.275000000000000133e-03
1.148749999999999945e-02
4.462500000000000321e-03
6.499999999999999702e-03
5.749999999999999903e-03
6.062500000000000180e-03
5.000000000000000104e-03
2.920000000000000026e-02
6.112499999999999878e-03
3.524999999999999922e-03
5.512500000000000039e-03
2.899999999999999800e-03
1.011249999999999996e-02
8.337499999999999425e-03
2.150000000000000001e-03
1.437499999999999976e-03
5.137499999999999706e-03
1.962499999999999835e-03
3.462499999999999866e-03
3.249999999999999851e-03
1.729999999999999941e-02
3.787500000000000068e-03
1.037500000000000011e-03
7.624999999999999833e-03
8.000000000000000383e-04
1.663749999999999951e-02
1.187499999999999971e-03
3.099999999999999891e-03
7.937500000000000111e-03
5.425000000000000135e-03
6.237499999999999989e-03
2.355000000000000149e-02
1.682499999999999968e-02
1.876250000000000140e-02
1.548749999999999953e-02
3.374999999999999962e-03
1.488749999999999969e-02
1.694999999999999979e-02
4.637500000000000129e-03
8.037499999999999506e-03
2.330000000000000127e-02
6.062500000000000180e-03
2.837500000000000178e-03
3.950000000000000386e-03
1.962499999999999835e-03
1.925000000000000062e-03
5.437499999999999625e-03
1.161249999999999956e-02
1.329999999999999932e-02
9.237499999999999184e-03
6.049999999999999822e-03
5.687499999999999847e-03
1.006250000000000026e-02
1.408749999999999933e-02
9.499999999999999981e-04
1.068750000000000082e-02
5.000000000000000104e-03
3.200000000000000153e-03
3.162499999999999947e-03
4.537499999999999867e-03
7.150000000000000105e-03
1.848750000000000046e-02
3.837500000000000199e-03
1.177500000000000074e-02
1.217500000000000006e-02
7.237500000000000010e-03
1.136249999999999934e-02
4.924999999999999691e-03
6.300000000000000044e-03
4.137499999999999685e-03
4.924999999999999691e-03
3.950000000000000386e-03
4.637500000000000129e-03
8.500000000000000611e-03
