2.923749999999999960e-02
1.420000000000000082e-02
4.799999999999999580e-03
1.087499999999999925e-03
5.362500000000000079e-03
1.637500000000000067e-02
4.774999999999999731e-03
6.999999999999999929e-04
1.965000000000000080e-02
1.343749999999999979e-02
4.687499999999999827e-03
8.075000000000000580e-03
3.975000000000000235e-03
1.611249999999999835e-02
7.537499999999999929e-03
5.837499999999999807e-03
1.880000000000000074e-02
9.499999999999999764e-03
1.525000000000000097e-03
3.924999999999999670e-03
9.450000000000000067e-03
6.787500000000000130e-03
6.137499999999999727e-03
1.512499999999999956e-03
2.837500000000000178e-03
3.162499999999999947e-03
5.249999999999999676e-04
1.128750000000000066e-02
3.712500000000000088e-03
5.024999999999999953e-03
2.262500000000000188e-03
4.062500000000000139e-03
1.362499999999999996e-02
2.702500000000000041e-02
8.174999999999999975e-03
2.975000000000000214e-03
2.287500000000000037e-03
6.287499999999999686e-03
1.374999999999999920e-03
5.825000000000000316e-03
1.699999999999999905e-03
7.725000000000000096e-03
1.178749999999999937e-02
1.397499999999999958e-02
9.250000000000000409e-04
1.129999999999999928e-02
3.775000000000000144e-03
1.556249999999999994e-02
1.061250000000000041e-02
3.462499999999999866e-03
4.924999999999999691e-03
6.125000000000000236e-03
1.212500000000000036e-03
2.114999999999999866e-02
1.149999999999999981e-03
1.076249999999999950e-02
3.762499999999999786e-03
1.281249999999999924e-02
5.362500000000000079e-03
2.237499999999999906e-03
5.374999999999999570e-03
2.828750000000000014e-02
5.850000000000000165e-03
4.799999999999999580e-03
3.775000000000000144e-03
2.374999999999999941e-03
2.334999999999999923e-02
5.112499999999999857e-03
1.449999999999999900e-03
2.275000000000000112e-03
3.950000000000000386e-03
4.125000000000000194e-03
3.137500000000000098e-03
4.587500000000000432e-03
1.217500000000000006e-02
2.237499999999999906e-03
1.899999999999999996e-03
3.212500000000000078e-03
7.374999999999999828e-04
2.306249999999999967e-02
2.324999999999999810e-03
5.237499999999999968e-03
9.249999999999999542e-03
2.449999999999999921e-03
4.362500000000000058e-03
3.183749999999999775e-02
1.103750000000000044e-02
7.037500000000000352e-03
4.599999999999999922e-03
1.937499999999999986e-03
2.896249999999999866e-02
2.210000000000000159e-02
5.887500000000000372e-03
5.262499999999999817e-03
1.725000000000000144e-02
8.462499999999999536e-03
4.349999999999999700e-03
3.237499999999999926e-03
4.125000000000000194e-03
2.700000000000000143e-03
5.749999999999999903e-04
1.411250000000000004e-02
1.951249999999999860e-02
6.375000000000000458e-04
6.237499999999999989e-03
5.924999999999999711e-03
8.274999999999999370e-03
8.987500000000000697e-03
8.624999999999999854e-04
1.990000000000000102e-02
2.787500000000000047e-03
2.850000000000000103e-03
2.150000000000000001e-03
4.362500000000000058e-03
5.174999999999999913e-03
2.677500000000000019e-02
2.449999999999999921e-03
9.225000000000000561e-03
7.474999999999999874e-03
3.037499999999999836e-03
6.712499999999999717e-03
7.000000000000000146e-03
1.372499999999999935e-02
5.237499999999999968e-03
4.737500000000000391e-03
6.150000000000000085e-03
9.887500000000000455e-03
6.787500000000000130e-03
