3.425000000000000266e-02
2.362500000000000017e-02
7.000000000000000146e-03
0.000000000000000000e+00
6.499999999999999702e-03
2.699999999999999969e-02
1.874999999999999931e-03
1.250000000000000026e-04
1.025000000000000043e-02
6.374999999999999591e-03
2.625000000000000163e-03
7.624999999999999833e-03
2.874999999999999951e-03
8.625000000000000722e-03
1.175000000000000003e-02
6.250000000000000347e-03
2.249999999999999917e-02
1.037500000000000054e-02
1.000000000000000021e-03
2.625000000000000163e-03
1.124999999999999958e-02
9.749999999999999986e-03
8.874999999999999209e-03
1.750000000000000036e-03
7.500000000000000156e-04
6.250000000000000130e-04
0.000000000000000000e+00
1.274999999999999918e-02
1.124999999999999915e-03
4.000000000000000083e-03
5.000000000000000104e-04
2.874999999999999951e-03
1.237500000000000058e-02
2.887500000000000136e-02
1.087499999999999925e-02
3.750000000000000078e-04
3.749999999999999861e-03
2.500000000000000052e-03
8.750000000000000182e-04
4.624999999999999771e-03
2.125000000000000153e-03
7.875000000000000056e-03
7.250000000000000368e-03
1.924999999999999975e-02
0.000000000000000000e+00
1.437500000000000062e-02
2.874999999999999951e-03
1.474999999999999922e-02
9.624999999999999875e-03
4.874999999999999993e-03
4.125000000000000194e-03
6.250000000000000347e-03
1.124999999999999915e-03
1.549999999999999989e-02
1.124999999999999915e-03
1.524999999999999967e-02
6.749999999999999924e-03
1.012500000000000032e-02
8.250000000000000389e-03
2.749999999999999840e-03
6.250000000000000347e-03
3.574999999999999706e-02
6.374999999999999591e-03
2.749999999999999840e-03
3.749999999999999861e-03
1.000000000000000021e-03
1.612500000000000044e-02
5.250000000000000326e-03
1.250000000000000026e-03
1.124999999999999915e-03
4.000000000000000083e-03
0.000000000000000000e+00
2.625000000000000163e-03
6.374999999999999591e-03
1.924999999999999975e-02
2.625000000000000163e-03
1.124999999999999915e-03
3.625000000000000184e-03
8.750000000000000182e-04
2.637499999999999914e-02
1.500000000000000031e-03
3.249999999999999851e-03
1.050000000000000065e-02
1.000000000000000021e-03
2.249999999999999830e-03
3.087499999999999967e-02
1.299999999999999940e-02
1.062500000000000076e-02
5.250000000000000326e-03
4.375000000000000416e-03
2.800000000000000058e-02
2.425000000000000072e-02
7.374999999999999611e-03
7.250000000000000368e-03
1.474999999999999922e-02
3.374999999999999962e-03
2.374999999999999941e-03
4.624999999999999771e-03
1.500000000000000031e-03
3.750000000000000078e-04
6.250000000000000130e-04
1.912499999999999964e-02
1.874999999999999931e-02
1.374999999999999920e-03
6.749999999999999924e-03
5.499999999999999681e-03
1.050000000000000065e-02
1.012500000000000032e-02
1.250000000000000026e-04
1.512499999999999956e-02
1.124999999999999915e-03
2.249999999999999830e-03
4.125000000000000194e-03
4.749999999999999882e-03
8.000000000000000167e-03
3.024999999999999911e-02
8.750000000000000182e-04
1.225000000000000047e-02
1.000000000000000021e-02
6.250000000000000130e-04
6.000000000000000125e-03
6.374999999999999591e-03
1.000000000000000021e-02
4.000000000000000083e-03
5.749999999999999903e-03
1.624999999999999925e-03
6.875000000000000035e-03
8.125000000000000278e-03
