2.867499999999999910e-02
2.543749999999999831e-02
6.074999999999999671e-03
1.250000000000000026e-04
1.156249999999999986e-02
1.587500000000000022e-02
3.425000000000000093e-03
1.350000000000000071e-03
8.812499999999999153e-03
4.550000000000000225e-03
2.137500000000000077e-03
1.255000000000000039e-02
5.275000000000000175e-03
5.474999999999999832e-03
1.106249999999999942e-02
8.049999999999999864e-03
2.346250000000000072e-02
1.074999999999999914e-02
2.412500000000000148e-03
2.412500000000000148e-03
6.275000000000000196e-03
7.087500000000000050e-03
7.137499999999999747e-03
1.425000000000000051e-03
4.749999999999999882e-03
3.012499999999999987e-03
1.499999999999999869e-04
8.625000000000000722e-03
1.299999999999999940e-03
1.388750000000000054e-02
2.000000000000000096e-04
1.937499999999999986e-03
7.849999999999999339e-03
1.698749999999999913e-02
7.499999999999999722e-03
2.500000000000000052e-04
5.112499999999999857e-03
3.937500000000000028e-03
1.487500000000000107e-03
4.924999999999999691e-03
2.437499999999999997e-03
6.250000000000000347e-03
7.250000000000000368e-03
1.561249999999999964e-02
7.125000000000000257e-04
3.662499999999999784e-02
6.137499999999999727e-03
1.177500000000000074e-02
5.337500000000000230e-03
1.260000000000000009e-02
2.500000000000000052e-03
7.012499999999999636e-03
7.387499999999999969e-03
9.862499999999999739e-03
2.599999999999999881e-03
1.453750000000000007e-02
4.899999999999999842e-03
1.069999999999999944e-02
3.912500000000000179e-03
4.250000000000000305e-03
6.374999999999999591e-03
2.129999999999999949e-02
1.162499999999999992e-02
3.650000000000000033e-03
2.724999999999999992e-03
5.125000000000000215e-03
1.012500000000000032e-02
5.112499999999999857e-03
3.674999999999999881e-03
3.687499999999999806e-03
1.056250000000000071e-02
2.312499999999999886e-03
2.337500000000000168e-03
9.599999999999999159e-03
2.011249999999999843e-02
1.930000000000000118e-02
1.775000000000000102e-03
3.399999999999999811e-03
2.387499999999999865e-03
1.687500000000000111e-02
1.850000000000000082e-03
7.237500000000000010e-03
9.337500000000000314e-03
3.112499999999999815e-03
2.899999999999999800e-03
1.905000000000000096e-02
7.837500000000000716e-03
6.349999999999999742e-03
4.375000000000000416e-03
4.562499999999999716e-03
2.981249999999999872e-02
1.397499999999999958e-02
8.000000000000000167e-03
5.324999999999999872e-03
1.967500000000000152e-02
4.937500000000000049e-03
1.862500000000000006e-03
5.562499999999999736e-03
7.400000000000000328e-03
6.774999999999999772e-03
1.737499999999999895e-03
1.847499999999999837e-02
1.607499999999999901e-02
3.000000000000000062e-03
6.499999999999999702e-03
6.187500000000000291e-03
8.562500000000000666e-03
8.112499999999999920e-03
1.075000000000000001e-03
8.212499999999999314e-03
7.625000000000000484e-04
1.862500000000000006e-03
3.075000000000000042e-03
5.799999999999999600e-03
5.637500000000000150e-03
1.962500000000000008e-02
1.587499999999999935e-03
1.356249999999999990e-02
7.312500000000000423e-03
1.737499999999999895e-03
3.725000000000000012e-03
6.587499999999999606e-03
2.018750000000000058e-02
4.250000000000000305e-03
7.562499999999999778e-03
4.787500000000000089e-03
6.174999999999999933e-03
1.011249999999999996e-02
