inf
inf
inf
inf
inf
inf
inf
inf
inf
inf
-1.854029426118739110e+00
inf
inf
inf
inf
inf
inf
inf
inf
inf
inf
inf
inf
inf
inf
inf
inf
inf
2.534691399999999817e-01
8.756993699999999770e-01
4.598224300000000042e-01
2.101851000000000136e-01
8.654158800000000262e-01
4.178188099999999849e-01
7.503124399999999694e-01
5.480330700000000110e-01
3.818717500000000098e-01
8.098764200000000413e-01
5.844699300000000264e-01
3.905621000000000231e-01
1.095978700000000000e-01
8.954453100000000498e-01
3.546959000000000223e-02
8.631873500000000199e-01
3.599615199999999793e-01
6.393387600000000059e-01
9.221997199999999451e-01
1.517066199999999865e-01
5.669504800000000344e-01
7.644328599999999918e-01
7.575838299999999581e-01
5.256319099999999800e-01
6.247394600000000242e-01
7.575269900000000112e-01
8.410276399999999652e-01
7.618131000000000208e-01
