4.592562920140531163e-03
2.630240762201311450e-03
2.432661130578141206e-03
2.156846560700698134e-03
1.777120761795387277e-03
1.897057549609663940e-03
1.334088536075247328e-03
1.493684175953982618e-03
1.417739422800386173e-03
1.376195818764937989e-03
1.380600514209309737e-03
1.295173697285295633e-03
1.209053925456126527e-03
1.205720748355506439e-03
1.163048928365276874e-03
1.302820004348170801e-03
1.104899088767794663e-03
1.046522593397099937e-03
1.107375211442104129e-03
1.089497656960643907e-03
1.096735604116542973e-03
9.971947757994419070e-04
1.080511187149069824e-03
1.155375701143289413e-03
1.029009047377883734e-03
1.018010370011781379e-03
8.658310668335986171e-04
9.711434214159514466e-04
9.421106837110143628e-04
9.147435919363809675e-04
1.001226161655204006e-03
8.621750554736185013e-04
1.109471138317611599e-03
8.698838066857998708e-04
9.689860063462410467e-04
8.562768356394703795e-04
9.745756296745435032e-04
8.160403825516089615e-04
8.444569066864693330e-04
9.190075814618781092e-04
8.321044542539297872e-04
8.258298163509557310e-04
7.394628053441140714e-04
8.142967214052367064e-04
9.384752200772110420e-04
8.831986876379378792e-04
7.624861772764467138e-04
8.058482449350978793e-04
7.499635311270791416e-04
7.840146169534462084e-04
7.577730144022604142e-04
7.385848368892979077e-04
8.635569910139112570e-04
6.591093848801604649e-04
8.247273092215831602e-04
7.895598846924256620e-04
7.299425052544952774e-04
7.233383501636242441e-04
6.457904496063975042e-04
6.462729469919534231e-04
7.410734317100063639e-04
7.574344825604061027e-04
8.661226665006988013e-04
6.526732547830933762e-04
8.672446566308118776e-04
6.607519846741870262e-04
7.862088575231879206e-04
6.802719203300756912e-04
7.015135596147061003e-04
6.897227598527469472e-04
7.026054676535602173e-04
7.498007901489342486e-04
7.786104924289299900e-04
6.838583443034666753e-04
8.614325266194239328e-04
7.420950677480379898e-04
6.414541209405731637e-04
7.314643671219207832e-04
7.368294477916731422e-04
6.907213755893322482e-04
6.375609451244844406e-04
8.607578126278297992e-04
5.630201585558256006e-04
6.332927678361424673e-04
6.680320878727045997e-04
5.705859691853831794e-04
5.852496384315258871e-04
5.695896504364847401e-04
6.962885681172786834e-04
6.489550053058040779e-04
7.003073674340422328e-04
5.549929893363426958e-04
7.535426920508118964e-04
5.107801351920925048e-04
6.203872079517461224e-04
7.139013652039671864e-04
5.679135597795106905e-04
6.141179828513948502e-04
8.358037464724424326e-04
6.099742387924884934e-04
6.819982872051169598e-04
6.532883253596889761e-04
5.472751045039053741e-04
7.402791276427261868e-04
5.546643880484404543e-04
5.748302464185367500e-04
5.681367262060262047e-04
7.763196480099314456e-04
7.143067163727714886e-04
5.703090928403237170e-04
5.990915813290642600e-04
6.233608383509024742e-04
6.492838986196826367e-04
7.227362358890009053e-04
7.858204667690951717e-04
5.516888303172470809e-04
7.085169300360405487e-04
6.383369620419840351e-04
6.384380204762056532e-04
7.310803779558214255e-04
6.478254770661585893e-04
5.970607514903178425e-04
4.685481033169305864e-04
6.572620088425296103e-04
6.322831995299940666e-04
5.696844820929462816e-04
5.746607787269798762e-04
5.444824997369521191e-04
6.841464677662806304e-04
6.290849664811366815e-04
6.636851842773197618e-04
6.047794740540873848e-04
6.124280507222301662e-04
5.335602602578974618e-04
6.648636037510161079e-04
5.409120991342851459e-04
5.180181877563541648e-04
5.792197594153281059e-04
5.882108526552680405e-04
7.261766740137461096e-04
5.934812010714510255e-04
5.891860097904481897e-04
5.417878989027319347e-04
6.035387006295030166e-04
4.978275892616110254e-04
6.431949174210450926e-04
6.406193752860056545e-04
5.631393024635028555e-04
6.526916494815938885e-04
5.060608524334805902e-04
6.663385385808906491e-04
6.742218082007069013e-04
5.417255573483652220e-04
5.440424713455474515e-04
6.660998455088606995e-04
5.711747413384600514e-04
6.095215662800246292e-04
5.625731553993464085e-04
5.842329393896915357e-04
5.893014680177603715e-04
5.686692489113159832e-04
5.978464665401389544e-04
4.924860879845990858e-04
5.811637927849791496e-04
5.849181611139002424e-04
6.896012601861761793e-04
5.605822472670787815e-04
5.400875111293175490e-04
5.307995863517017687e-04
5.644782353777869077e-04
6.372260552957413615e-04
6.000953828769195475e-04
6.113744300988883940e-04
5.378341317895662943e-04
5.672243307267392509e-04
6.416257620140732032e-04
6.517062914288308806e-04
5.831047762691089764e-04
6.762159216559780750e-04
6.114151649138296896e-04
4.591053691703136930e-04
5.922517400266426313e-04
7.019096962675858142e-04
5.215821705722295532e-04
6.656662492935568054e-04
6.094562789490907961e-04
5.512351750099030168e-04
4.805564079771729169e-04
5.275253341041098720e-04
6.856953080931101063e-04
4.810961420128219423e-04
5.711318569891973840e-04
5.447962446873920450e-04
4.369741265100868244e-04
5.364653336120753235e-04
5.368431366059266130e-04
6.434486662262942080e-04
4.980132271798498600e-04
5.718654557274431560e-04
6.020455764783987085e-04
4.555081538354790321e-03
2.607776465435869551e-03
2.342281809505311618e-03
2.158469515993376164e-03
1.740180906005993344e-03
1.331396723054920073e-03
1.555769520257876959e-03
1.270375578371677611e-03
1.098916392121600943e-03
1.215587426126478465e-03
1.236457493058666646e-03
1.157514400528230486e-03
9.776596407088944396e-04
9.896868252098206531e-04
9.760876579649156726e-04
9.567234802508595148e-04
8.905439373242396428e-04
1.133266517980430210e-03
9.394116797589828483e-04
9.968582686440442819e-04
9.673799148174136442e-04
1.083359070224269860e-03
9.203928954433504561e-04
9.977344316159444948e-04
9.544254927503423303e-04
8.794793549327488413e-04
8.750195646395689253e-04
8.621731490187529989e-04
1.031127825209414428e-03
1.044169204982636073e-03
1.061344425709952188e-03
9.676159310371898470e-04
8.961412717741028267e-04
9.280000447616058856e-04
8.317721295225226352e-04
7.970326704918630212e-04
9.539852692784719923e-04
7.692304275577731276e-04
6.960049642659657532e-04
7.799734237112464219e-04
8.590408831808359069e-04
9.881108353608607231e-04
8.604947010050004175e-04
7.168328773998686176e-04
8.960337285364820825e-04
8.050666241683837598e-04
8.918360598090327440e-04
8.398180728938567374e-04
7.691295020307818697e-04
1.016598298616465390e-03
1.003912583456022245e-03
8.915249624879655055e-04
7.615952853351690144e-04
7.611603713643978752e-04
8.891979148947029565e-04
8.209590838135355506e-04
8.490680566792981054e-04
8.702730261497190756e-04
8.241837510211957873e-04
8.232536775263782358e-04
8.011675065775006321e-04
9.489263295207675530e-04
8.410535539655587811e-04
1.026256447898488827e-03
9.552631222191701466e-04
9.207776223331270993e-04
6.612457295580471961e-04
7.718969833692759797e-04
8.087170854704818501e-04
6.483526025477456822e-04
6.774376389329685166e-04
8.614214308333943693e-04
8.283857907932443143e-04
7.727486583103890250e-04
8.170477497347790330e-04
7.196960767569225703e-04
7.205862698104366360e-04
6.475602507007884034e-04
7.856013701920058767e-04
8.007712334864997006e-04
7.067087360929369400e-04
7.481302915195303660e-04
7.535948960988754497e-04
7.386520890259005989e-04
7.962836494628290629e-04
6.642095724702368198e-04
6.032684157287193649e-04
7.112463207084827876e-04
7.615622947756590932e-04
6.456198485979766644e-04
8.674774995079126416e-04
7.688507553818627049e-04
6.643321798771445463e-04
7.447025747267729812e-04
7.608100783601558226e-04
6.019185987328097565e-04
8.356411623236005559e-04
8.198181061187491403e-04
7.285882115754087340e-04
6.073980767905377831e-04
8.162703612337174341e-04
8.553838554254816762e-04
7.541491103638699178e-04
6.740630359289186135e-04
7.032187246909099576e-04
8.481946132511651582e-04
7.224329850830310540e-04
8.207974467597661805e-04
6.055702236211976675e-04
6.574762791959690156e-04
7.420771996982655772e-04
7.708777315338644076e-04
6.640098243883320317e-04
8.563229743068639932e-04
7.873219677180624820e-04
7.796542623216481949e-04
5.670101821727627223e-04
7.874848088080810271e-04
6.357241088456554168e-04
6.704170810886492249e-04
7.048354694845493373e-04
6.447673119266833508e-04
7.378179204419223203e-04
6.526608003223285936e-04
6.507584292159349082e-04
7.539703847170738105e-04
7.343986234436966631e-04
6.732238177753237240e-04
6.533483350257725253e-04
6.737017654394050759e-04
5.620795789684322752e-04
5.687342169162917793e-04
7.733466069008015920e-04
5.972051204437590910e-04
6.325353196451437288e-04
6.965575182766164941e-04
6.384815181938764683e-04
7.267163233012803591e-04
6.846654957653290630e-04
6.030315596699808989e-04
5.248966752187528284e-04
5.843691500538664152e-04
5.283792351025370926e-04
6.052654983858020421e-04
6.418761297513203568e-04
6.388024295990585300e-04
6.877296332626313402e-04
6.558968391078556781e-04
5.409881390485669905e-04
6.986728147945903133e-04
6.480576726351598704e-04
7.606347140700769893e-04
5.703130554404259311e-04
6.620435734554161455e-04
5.432652133393299498e-04
8.488372449066763914e-04
6.161813111730390924e-04
5.605170907399294189e-04
5.321341196092288506e-04
5.988540784756905822e-04
5.235204312139841998e-04
7.284988666642761013e-04
6.095963100448721639e-04
5.751773057235919084e-04
4.729726314305765511e-04
5.273183079361407066e-04
5.566503053939519940e-04
7.398354150071999313e-04
5.937108496270708524e-04
6.071665341274394556e-04
6.682515903891211861e-04
5.190504149652080956e-04
6.012171101798906292e-04
5.299033104142480965e-04
4.927456640095792539e-04
4.958956059308641806e-04
5.153026269073407439e-04
4.609562742546660652e-04
6.185275270045378915e-04
6.239460003049784875e-04
6.349497074360117843e-04
5.620164304850697179e-04
5.321903235609992677e-04
4.330677145004194206e-04
5.458788281191943870e-04
7.064556588012201044e-04
4.837966614560616774e-04
5.982548948672526679e-04
4.635410391572516997e-04
6.520772126150306547e-04
6.622580409658337941e-04
4.547725563110102676e-04
6.245540975527465177e-04
4.947724140260019443e-04
5.836909339521287321e-04
5.135430129667648003e-04
5.797520989300405936e-04
4.716234742821422132e-04
5.279856628347366632e-04
6.020136865003619664e-04
6.178207527690517814e-03
4.443040808215600879e-03
3.752023894771704809e-03
3.120552089396211315e-03
2.561069777093954308e-03
2.528611918715933243e-03
1.857992954601195984e-03
2.026488044692603685e-03
1.778642002954147761e-03
2.031978977354621102e-03
1.875482170917642383e-03
1.925344909221880785e-03
1.537989568723377443e-03
1.473605127511157242e-03
1.325965065907982326e-03
1.479203330838715913e-03
1.396875525978214655e-03
1.336577409561476998e-03
1.709366083885603682e-03
1.482287685261741983e-03
1.308569751856576008e-03
1.411333099237962324e-03
1.231215461428441377e-03
1.437284537311268873e-03
1.254710481783154197e-03
1.251367765455362047e-03
1.127737101313457807e-03
1.164572717584640149e-03
1.166364964929653136e-03
1.276851874450889157e-03
1.048179640562498655e-03
1.262669990417169402e-03
1.203782320927378885e-03
1.123921194941080587e-03
1.129650137336735138e-03
1.178117782519111367e-03
9.315210472325072266e-04
9.863507803505762450e-04
1.004671262057933029e-03
8.993989644550601237e-04
1.060988618091111835e-03
9.966266533824250096e-04
8.147131981666860812e-04
8.420857258293265590e-04
8.395904852470000013e-04
1.094100482546586650e-03
9.679559962163658549e-04
8.944502499750490998e-04
8.614887855533728822e-04
8.276973758537739534e-04
7.992090865940847111e-04
6.943060604850080642e-04
7.743327220540857647e-04
7.821045392319425638e-04
8.805601949443339627e-04
8.779125117617317398e-04
7.913503484661132958e-04
8.190552416733921925e-04
8.430073982807484434e-04
6.835445978509990805e-04
7.129098936909487871e-04
6.879246087110775509e-04
7.412403843810241866e-04
6.737569953550529012e-04
7.698784651143167346e-04
7.074901668189768900e-04
6.051454788005596053e-04
9.003359520391267246e-04
6.915321393469973932e-04
6.990535567730216115e-04
7.797171763332319538e-04
6.676688182389485526e-04
7.170286831515021442e-04
6.832599839847568191e-04
8.007916701753756139e-04
7.178582751569510811e-04
7.240550732540290690e-04
6.328766221393757052e-04
5.436671127243518364e-04
8.569301227815510902e-04
5.560982091589623810e-04
6.988528978403053815e-04
6.291923193483574261e-04
5.666609678838079034e-04
7.357182786880203662e-04
5.536929415513452968e-04
7.724497820797669723e-04
6.664083382489638385e-04
7.097518041692882362e-04
6.124932209626045287e-04
6.624082558523147757e-04
7.429168734948005115e-04
5.809864384313245811e-04
6.130782021586261843e-04
5.512424040967980887e-04
5.750669856768655941e-04
5.875015281864535976e-04
6.252985222105870988e-04
5.369516939311771986e-04
6.435513369250252247e-04
7.014112022006892266e-04
6.244280046297928655e-04
6.525251954514268982e-04
5.660484253906736263e-04
6.751843981444016762e-04
6.801022599010816960e-04
6.205622920326774039e-04
8.651607048731947691e-04
7.051426751417469441e-04
6.511955870269967028e-04
7.276827776234173761e-04
6.632468253437232009e-04
6.524531582793070827e-04
5.669391795498600339e-04
6.606069433080924425e-04
6.502925189064354128e-04
6.209108445153141420e-04
7.895539071453433477e-04
6.174072687783922764e-04
5.521272413281201608e-04
6.294278031073186064e-04
5.293202383902205488e-04
6.430969816059554922e-04
5.598042033246319882e-04
5.153684932076713077e-04
5.867415008549842215e-04
6.664696045001750058e-04
5.739624698948495030e-04
5.436882131127328266e-04
6.788102995774342174e-04
6.429279999459747152e-04
5.176250509414011269e-04
5.381825715453335268e-04
6.240839136776067664e-04
6.086139468493775850e-04
5.582838224380409775e-04
6.060463903183287149e-04
6.933927627651853554e-04
5.661593850025126162e-04
5.625799298325517839e-04
5.892670002145133923e-04
6.441406404134771002e-04
5.326952129346904097e-04
6.217015180221240056e-04
6.386756602980540876e-04
5.714196239817725953e-04
5.587259709365771654e-04
6.679999146687737310e-04
5.710440969001057132e-04
5.418173076021069734e-04
4.870045129744919599e-04
5.345057487178214717e-04
6.576849807070489495e-04
5.834659462954812359e-04
6.197371812280798309e-04
5.660358352966160522e-04
6.099557031944632945e-04
4.798001272823433638e-04
7.140676132864239023e-04
5.669816219030232585e-04
5.842003151394423166e-04
5.792722145723412652e-04
4.547588931749189933e-04
6.061374054244575427e-04
5.001190810825506539e-04
6.980420975596819677e-04
5.675882369312185149e-04
5.755182521868101864e-04
5.599565991632228512e-04
5.652895821059988890e-04
6.546745495375240476e-04
5.907341208639116381e-04
4.966387879726773258e-04
5.704182197923055031e-04
6.267362959432656866e-04
6.108963839134458340e-04
5.610944252785847464e-04
5.412682223331286013e-04
6.041330976901057581e-04
6.473582012759757087e-04
6.099318061767132482e-04
5.747453609992528301e-04
5.083278190361473214e-04
7.129842481709419699e-04
6.627480302310792548e-04
5.683100094862822416e-04
5.633218374158470432e-04
5.608557174452966088e-04
5.603742538258724148e-04
6.174955874338125539e-04
6.295054218251432132e-04
5.425377339063446047e-04
5.674839876290554974e-04
6.545357016981036280e-04
4.626397749552604854e-04
6.013316657299504209e-04
5.189173827093059022e-04
5.981628715879920566e-04
5.698411759977699276e-04
5.878261809412338446e-04
