4.592562920140531163e-03
2.630240762201311450e-03
2.432661130578141206e-03
2.156846560700698134e-03
1.777120761795387277e-03
1.897057549609663940e-03
1.334088536075247328e-03
1.493684175953982618e-03
1.417739422800386173e-03
1.376195818764937989e-03
1.380600514209309737e-03
1.295173697285295633e-03
1.209053925456126527e-03
1.205720748355506439e-03
1.163048928365276874e-03
1.302820004348170801e-03
1.104899088767794663e-03
1.046522593397099937e-03
1.107375211442104129e-03
1.089497656960643907e-03
1.096735604116542973e-03
9.971947757994419070e-04
1.080511187149069824e-03
1.155375701143289413e-03
1.029009047377883734e-03
1.018010370011781379e-03
8.658310668335986171e-04
9.711434214159514466e-04
9.421106837110143628e-04
9.147435919363809675e-04
1.001226161655204006e-03
8.621750554736185013e-04
1.109471138317611599e-03
8.698838066857998708e-04
9.689860063462410467e-04
8.562768356394703795e-04
9.745756296745435032e-04
8.160403825516089615e-04
8.444569066864693330e-04
9.190075814618781092e-04
8.321044542539297872e-04
8.258298163509557310e-04
7.394628053441140714e-04
8.142967214052367064e-04
9.384752200772110420e-04
8.831986876379378792e-04
7.624861772764467138e-04
8.058482449350978793e-04
7.499635311270791416e-04
7.840146169534462084e-04
7.577730144022604142e-04
7.385848368892979077e-04
8.635569910139112570e-04
6.591093848801604649e-04
8.247273092215831602e-04
7.895598846924256620e-04
7.299425052544952774e-04
7.233383501636242441e-04
6.457904496063975042e-04
6.462729469919534231e-04
7.410734317100063639e-04
7.574344825604061027e-04
8.661226665006988013e-04
6.526732547830933762e-04
8.672446566308118776e-04
6.607519846741870262e-04
7.862088575231879206e-04
6.802719203300756912e-04
7.015135596147061003e-04
6.897227598527469472e-04
7.026054676535602173e-04
7.498007901489342486e-04
7.786104924289299900e-04
6.838583443034666753e-04
8.614325266194239328e-04
7.420950677480379898e-04
6.414541209405731637e-04
7.314643671219207832e-04
7.368294477916731422e-04
6.907213755893322482e-04
6.375609451244844406e-04
8.607578126278297992e-04
5.630201585558256006e-04
6.332927678361424673e-04
6.680320878727045997e-04
5.705859691853831794e-04
5.852496384315258871e-04
5.695896504364847401e-04
6.962885681172786834e-04
6.489550053058040779e-04
7.003073674340422328e-04
5.549929893363426958e-04
7.535426920508118964e-04
5.107801351920925048e-04
6.203872079517461224e-04
7.139013652039671864e-04
5.679135597795106905e-04
6.141179828513948502e-04
8.358037464724424326e-04
6.099742387924884934e-04
6.819982872051169598e-04
6.532883253596889761e-04
5.472751045039053741e-04
7.402791276427261868e-04
5.546643880484404543e-04
5.748302464185367500e-04
5.681367262060262047e-04
7.763196480099314456e-04
7.143067163727714886e-04
5.703090928403237170e-04
5.990915813290642600e-04
6.233608383509024742e-04
6.492838986196826367e-04
7.227362358890009053e-04
7.858204667690951717e-04
5.516888303172470809e-04
7.085169300360405487e-04
6.383369620419840351e-04
6.384380204762056532e-04
7.310803779558214255e-04
6.478254770661585893e-04
5.970607514903178425e-04
4.685481033169305864e-04
6.572620088425296103e-04
6.322831995299940666e-04
5.696844820929462816e-04
5.746607787269798762e-04
5.444824997369521191e-04
6.841464677662806304e-04
6.290849664811366815e-04
6.636851842773197618e-04
6.047794740540873848e-04
6.124280507222301662e-04
5.335602602578974618e-04
6.648636037510161079e-04
5.409120991342851459e-04
5.180181877563541648e-04
5.792197594153281059e-04
5.882108526552680405e-04
7.261766740137461096e-04
5.934812010714510255e-04
5.891860097904481897e-04
5.417878989027319347e-04
6.035387006295030166e-04
4.978275892616110254e-04
6.431949174210450926e-04
6.406193752860056545e-04
5.631393024635028555e-04
6.526916494815938885e-04
5.060608524334805902e-04
6.663385385808906491e-04
6.742218082007069013e-04
5.417255573483652220e-04
5.440424713455474515e-04
6.660998455088606995e-04
5.711747413384600514e-04
6.095215662800246292e-04
5.625731553993464085e-04
5.842329393896915357e-04
5.893014680177603715e-04
5.686692489113159832e-04
5.978464665401389544e-04
4.924860879845990858e-04
5.811637927849791496e-04
5.849181611139002424e-04
6.896012601861761793e-04
5.605822472670787815e-04
5.400875111293175490e-04
5.307995863517017687e-04
5.644782353777869077e-04
6.372260552957413615e-04
6.000953828769195475e-04
6.113744300988883940e-04
5.378341317895662943e-04
5.672243307267392509e-04
6.416257620140732032e-04
6.517062914288308806e-04
5.831047762691089764e-04
6.762159216559780750e-04
6.114151649138296896e-04
4.591053691703136930e-04
5.922517400266426313e-04
7.019096962675858142e-04
5.215821705722295532e-04
6.656662492935568054e-04
6.094562789490907961e-04
5.512351750099030168e-04
4.805564079771729169e-04
5.275253341041098720e-04
6.856953080931101063e-04
4.810961420128219423e-04
5.711318569891973840e-04
5.447962446873920450e-04
4.369741265100868244e-04
5.364653336120753235e-04
5.368431366059266130e-04
6.434486662262942080e-04
4.980132271798498600e-04
5.718654557274431560e-04
6.020455764783987085e-04
4.555081538354790321e-03
2.607776465435869551e-03
2.342281809505311618e-03
2.158469515993376164e-03
1.740180906005993344e-03
1.331396723054920073e-03
1.555769520257876959e-03
1.270375578371677611e-03
1.098916392121600943e-03
1.215587426126478465e-03
1.236457493058666646e-03
1.157514400528230486e-03
9.776596407088944396e-04
9.896868252098206531e-04
9.760876579649156726e-04
9.567234802508595148e-04
8.905439373242396428e-04
1.133266517980430210e-03
9.394116797589828483e-04
9.968582686440442819e-04
9.673799148174136442e-04
1.083359070224269860e-03
9.203928954433504561e-04
9.977344316159444948e-04
9.544254927503423303e-04
8.794793549327488413e-04
8.750195646395689253e-04
8.621731490187529989e-04
1.031127825209414428e-03
1.044169204982636073e-03
1.061344425709952188e-03
9.676159310371898470e-04
8.961412717741028267e-04
9.280000447616058856e-04
8.317721295225226352e-04
7.970326704918630212e-04
9.539852692784719923e-04
7.692304275577731276e-04
6.960049642659657532e-04
7.799734237112464219e-04
8.590408831808359069e-04
9.881108353608607231e-04
8.604947010050004175e-04
7.168328773998686176e-04
8.960337285364820825e-04
8.050666241683837598e-04
8.918360598090327440e-04
8.398180728938567374e-04
7.691295020307818697e-04
1.016598298616465390e-03
1.003912583456022245e-03
8.915249624879655055e-04
7.615952853351690144e-04
7.611603713643978752e-04
8.891979148947029565e-04
8.209590838135355506e-04
8.490680566792981054e-04
8.702730261497190756e-04
8.241837510211957873e-04
8.232536775263782358e-04
8.011675065775006321e-04
9.489263295207675530e-04
8.410535539655587811e-04
1.026256447898488827e-03
9.552631222191701466e-04
9.207776223331270993e-04
6.612457295580471961e-04
7.718969833692759797e-04
8.087170854704818501e-04
6.483526025477456822e-04
6.774376389329685166e-04
8.614214308333943693e-04
8.283857907932443143e-04
7.727486583103890250e-04
8.170477497347790330e-04
7.196960767569225703e-04
7.205862698104366360e-04
6.475602507007884034e-04
7.856013701920058767e-04
8.007712334864997006e-04
7.067087360929369400e-04
7.481302915195303660e-04
7.535948960988754497e-04
7.386520890259005989e-04
7.962836494628290629e-04
6.642095724702368198e-04
6.032684157287193649e-04
7.112463207084827876e-04
7.615622947756590932e-04
6.456198485979766644e-04
8.674774995079126416e-04
7.688507553818627049e-04
6.643321798771445463e-04
7.447025747267729812e-04
7.608100783601558226e-04
6.019185987328097565e-04
8.356411623236005559e-04
8.198181061187491403e-04
7.285882115754087340e-04
6.073980767905377831e-04
8.162703612337174341e-04
8.553838554254816762e-04
7.541491103638699178e-04
6.740630359289186135e-04
7.032187246909099576e-04
8.481946132511651582e-04
7.224329850830310540e-04
8.207974467597661805e-04
6.055702236211976675e-04
6.574762791959690156e-04
7.420771996982655772e-04
7.708777315338644076e-04
6.640098243883320317e-04
8.563229743068639932e-04
7.873219677180624820e-04
7.796542623216481949e-04
5.670101821727627223e-04
7.874848088080810271e-04
6.357241088456554168e-04
6.704170810886492249e-04
7.048354694845493373e-04
6.447673119266833508e-04
7.378179204419223203e-04
6.526608003223285936e-04
6.507584292159349082e-04
7.539703847170738105e-04
7.343986234436966631e-04
6.732238177753237240e-04
6.533483350257725253e-04
6.737017654394050759e-04
5.620795789684322752e-04
5.687342169162917793e-04
7.733466069008015920e-04
5.972051204437590910e-04
6.325353196451437288e-04
6.965575182766164941e-04
6.384815181938764683e-04
7.267163233012803591e-04
6.846654957653290630e-04
6.030315596699808989e-04
5.248966752187528284e-04
5.843691500538664152e-04
5.283792351025370926e-04
6.052654983858020421e-04
6.418761297513203568e-04
6.388024295990585300e-04
6.877296332626313402e-04
6.558968391078556781e-04
5.409881390485669905e-04
6.986728147945903133e-04
6.480576726351598704e-04
7.606347140700769893e-04
5.703130554404259311e-04
6.620435734554161455e-04
5.432652133393299498e-04
8.488372449066763914e-04
6.161813111730390924e-04
5.605170907399294189e-04
5.321341196092288506e-04
5.988540784756905822e-04
5.235204312139841998e-04
7.284988666642761013e-04
6.095963100448721639e-04
5.751773057235919084e-04
4.729726314305765511e-04
5.273183079361407066e-04
5.566503053939519940e-04
7.398354150071999313e-04
5.937108496270708524e-04
6.071665341274394556e-04
6.682515903891211861e-04
5.190504149652080956e-04
6.012171101798906292e-04
5.299033104142480965e-04
4.927456640095792539e-04
4.958956059308641806e-04
5.153026269073407439e-04
4.609562742546660652e-04
6.185275270045378915e-04
6.239460003049784875e-04
6.349497074360117843e-04
5.620164304850697179e-04
5.321903235609992677e-04
4.330677145004194206e-04
5.458788281191943870e-04
7.064556588012201044e-04
4.837966614560616774e-04
5.982548948672526679e-04
4.635410391572516997e-04
6.520772126150306547e-04
6.622580409658337941e-04
4.547725563110102676e-04
6.245540975527465177e-04
4.947724140260019443e-04
5.836909339521287321e-04
5.135430129667648003e-04
5.797520989300405936e-04
4.716234742821422132e-04
5.279856628347366632e-04
6.020136865003619664e-04
6.178207527690517814e-03
4.443040808215600879e-03
3.752023894771704809e-03
3.120552089396211315e-03
2.561069777093954308e-03
2.528611918715933243e-03
1.857992954601195984e-03
2.026488044692603685e-03
1.778642002954147761e-03
2.031978977354621102e-03
1.875482170917642383e-03
1.925344909221880785e-03
1.537989568723377443e-03
1.473605127511157242e-03
1.325965065907982326e-03
1.479203330838715913e-03
1.396875525978214655e-03
1.336577409561476998e-03
1.709366083885603682e-03
1.482287685261741983e-03
1.308569751856576008e-03
1.411333099237962324e-03
1.231215461428441377e-03
1.437284537311268873e-03
1.254710481783154197e-03
1.251367765455362047e-03
1.127737101313457807e-03
1.164572717584640149e-03
1.166364964929653136e-03
1.276851874450889157e-03
1.048179640562498655e-03
1.262669990417169402e-03
1.203782320927378885e-03
1.123921194941080587e-03
1.129650137336735138e-03
1.178117782519111367e-03
9.315210472325072266e-04
9.863507803505762450e-04
1.004671262057933029e-03
8.993989644550601237e-04
1.060988618091111835e-03
9.966266533824250096e-04
8.147131981666860812e-04
8.420857258293265590e-04
8.395904852470000013e-04
1.094100482546586650e-03
9.679559962163658549e-04
8.944502499750490998e-04
8.614887855533728822e-04
8.276973758537739534e-04
7.992090865940847111e-04
6.943060604850080642e-04
7.743327220540857647e-04
7.821045392319425638e-04
8.805601949443339627e-04
8.779125117617317398e-04
7.913503484661132958e-04
8.190552416733921925e-04
8.430073982807484434e-04
6.835445978509990805e-04
7.129098936909487871e-04
6.879246087110775509e-04
7.412403843810241866e-04
6.737569953550529012e-04
7.698784651143167346e-04
7.074901668189768900e-04
6.051454788005596053e-04
9.003359520391267246e-04
6.915321393469973932e-04
6.990535567730216115e-04
7.797171763332319538e-04
6.676688182389485526e-04
7.170286831515021442e-04
6.832599839847568191e-04
8.007916701753756139e-04
7.178582751569510811e-04
7.240550732540290690e-04
6.328766221393757052e-04
5.436671127243518364e-04
8.569301227815510902e-04
5.560982091589623810e-04
6.988528978403053815e-04
6.291923193483574261e-04
5.666609678838079034e-04
7.357182786880203662e-04
5.536929415513452968e-04
7.724497820797669723e-04
6.664083382489638385e-04
7.097518041692882362e-04
6.124932209626045287e-04
6.624082558523147757e-04
7.429168734948005115e-04
5.809864384313245811e-04
6.130782021586261843e-04
5.512424040967980887e-04
5.750669856768655941e-04
5.875015281864535976e-04
6.252985222105870988e-04
5.369516939311771986e-04
6.435513369250252247e-04
7.014112022006892266e-04
6.244280046297928655e-04
6.525251954514268982e-04
5.660484253906736263e-04
6.751843981444016762e-04
6.801022599010816960e-04
6.205622920326774039e-04
8.651607048731947691e-04
7.051426751417469441e-04
6.511955870269967028e-04
7.276827776234173761e-04
6.632468253437232009e-04
6.524531582793070827e-04
5.669391795498600339e-04
6.606069433080924425e-04
6.502925189064354128e-04
6.209108445153141420e-04
7.895539071453433477e-04
6.174072687783922764e-04
5.521272413281201608e-04
6.294278031073186064e-04
5.293202383902205488e-04
6.430969816059554922e-04
5.598042033246319882e-04
5.153684932076713077e-04
5.867415008549842215e-04
6.664696045001750058e-04
5.739624698948495030e-04
5.436882131127328266e-04
6.788102995774342174e-04
6.429279999459747152e-04
5.176250509414011269e-04
5.381825715453335268e-04
6.240839136776067664e-04
6.086139468493775850e-04
5.582838224380409775e-04
6.060463903183287149e-04
6.933927627651853554e-04
5.661593850025126162e-04
5.625799298325517839e-04
5.892670002145133923e-04
6.441406404134771002e-04
5.326952129346904097e-04
6.217015180221240056e-04
6.386756602980540876e-04
5.714196239817725953e-04
5.587259709365771654e-04
6.679999146687737310e-04
5.710440969001057132e-04
5.418173076021069734e-04
4.870045129744919599e-04
5.345057487178214717e-04
6.576849807070489495e-04
5.834659462954812359e-04
6.197371812280798309e-04
5.660358352966160522e-04
6.099557031944632945e-04
4.798001272823433638e-04
7.140676132864239023e-04
5.669816219030232585e-04
5.842003151394423166e-04
5.792722145723412652e-04
4.547588931749189933e-04
6.061374054244575427e-04
5.001190810825506539e-04
6.980420975596819677e-04
5.675882369312185149e-04
5.755182521868101864e-04
5.599565991632228512e-04
5.652895821059988890e-04
6.546745495375240476e-04
5.907341208639116381e-04
4.966387879726773258e-04
5.704182197923055031e-04
6.267362959432656866e-04
6.108963839134458340e-04
5.610944252785847464e-04
5.412682223331286013e-04
6.041330976901057581e-04
6.473582012759757087e-04
6.099318061767132482e-04
5.747453609992528301e-04
5.083278190361473214e-04
7.129842481709419699e-04
6.627480302310792548e-04
5.683100094862822416e-04
5.633218374158470432e-04
5.608557174452966088e-04
5.603742538258724148e-04
6.174955874338125539e-04
6.295054218251432132e-04
5.425377339063446047e-04
5.674839876290554974e-04
6.545357016981036280e-04
4.626397749552604854e-04
6.013316657299504209e-04
5.189173827093059022e-04
5.981628715879920566e-04
5.698411759977699276e-04
5.878261809412338446e-04
5.564836307463558174e-03
4.382099754115763302e-03
3.498600165643097476e-03
3.170402163812410801e-03
2.888461689310627828e-03
2.474584734505527739e-03
2.212043191548100640e-03
2.132900134248393725e-03
2.452374116584159214e-03
1.906588593893109029e-03
1.685467993290352268e-03
1.720926545685140530e-03
1.553262599665181792e-03
1.547653394995896631e-03
1.061411856254843022e-03
1.371416843582155820e-03
1.350991806202815615e-03
1.357248250433908121e-03
1.280215257624825465e-03
1.305777226898841015e-03
1.440231680716490270e-03
1.088322718115514176e-03
1.120441551212627423e-03
1.234065390096454606e-03
1.021987666251118754e-03
1.087487701202732859e-03
1.027048815861512920e-03
9.338488492750263159e-04
1.048097120350602318e-03
1.090813661030698434e-03
9.611448360003459201e-04
7.400904521271400860e-04
9.525534692127295144e-04
1.009540785079230535e-03
9.821516541629812802e-04
9.302060638487000266e-04
8.187456244393813420e-04
9.334325012097938190e-04
7.543513520600099442e-04
1.041084761912516865e-03
1.014046557337701382e-03
7.929081205452978565e-04
8.758933149563864762e-04
8.802693188109007860e-04
9.512160600520722098e-04
9.332886769125130211e-04
9.252230315585120712e-04
7.904230143597826275e-04
8.645367426756249418e-04
7.839470721786312435e-04
7.436834308382905823e-04
7.591523255354691579e-04
8.381573560724102367e-04
8.133125292184850696e-04
8.727592059162674054e-04
7.081226555014606683e-04
8.162108707783256867e-04
7.088727384471429915e-04
7.708807232138549514e-04
8.612334765506560186e-04
7.657964475466100263e-04
7.982528228967812611e-04
9.102940324344152567e-04
7.820864818678767427e-04
8.809587314834547989e-04
6.983792882985298545e-04
7.490116165907931278e-04
8.156126380331474301e-04
7.321936218841057498e-04
6.974854382563941413e-04
9.927487622710257087e-04
7.631198735877087191e-04
7.597389804657878054e-04
7.546772809260034187e-04
7.587679637401853472e-04
7.087398177911714836e-04
8.556171137016482797e-04
7.163305868433597623e-04
6.794779095175423889e-04
6.545439155223806149e-04
9.151448586469344837e-04
6.096587475298287373e-04
7.543497151296166270e-04
7.907007667476567692e-04
6.740073338362545519e-04
7.931726899119417862e-04
8.236291044770166492e-04
8.046834572749059222e-04
6.733181719196651427e-04
7.655737932719848537e-04
8.471548158917492632e-04
6.902169698847562818e-04
8.652768235101887528e-04
6.671573184994991634e-04
7.624262704154331771e-04
7.332920467455796010e-04
1.038919109326526258e-03
7.273093245450841515e-04
8.838610993108612923e-04
7.691778109251735940e-04
9.196553452549341423e-04
6.348649039772322200e-04
7.080027569847172075e-04
7.772452299091431316e-04
8.536900814685756400e-04
8.361165848072768525e-04
7.490792677394900179e-04
8.350485330776216686e-04
7.659403503694449389e-04
7.854627981770667677e-04
7.437375421148438581e-04
7.736637201497635619e-04
7.266017888432826921e-04
8.370114363920912182e-04
6.763767629245839852e-04
7.772669195340795034e-04
6.669896245666620538e-04
7.273023071489581604e-04
7.036277268671030372e-04
6.888003909353984655e-04
6.829475861463325803e-04
7.095654142320224900e-04
6.196965985903885032e-04
7.664307582350357584e-04
7.264044105986314226e-04
7.785001397214441621e-04
6.820470014326993069e-04
7.290964271820625509e-04
5.908204350862991672e-04
8.213474320004493512e-04
9.087703422925030861e-04
7.283283360886572133e-04
8.027202713181066929e-04
7.650472168430066944e-04
9.233930308060953052e-04
7.117102481033858730e-04
8.080992277048094918e-04
9.189629877414846881e-04
6.541867437327257562e-04
8.665291083517351334e-04
6.765454201893006392e-04
5.962293108155644616e-04
7.877197605844939166e-04
5.740444799972460599e-04
7.012200775268519204e-04
6.109190615713154526e-04
7.477055298073347067e-04
8.181760188558304114e-04
7.563873155241387924e-04
6.955988935985757404e-04
6.511729601308413606e-04
8.525481091157631475e-04
7.984700147131637560e-04
6.667868867689698276e-04
7.409180566132593515e-04
6.317847246398965166e-04
8.152017549914319927e-04
8.008583321677253952e-04
6.746922279739220318e-04
8.287384864831201514e-04
7.974092220716759438e-04
7.429487056066844120e-04
7.582901027918843850e-04
6.643379596958896849e-04
7.978460622801580859e-04
6.080319678297488317e-04
6.686502817295630896e-04
8.112153645406725011e-04
7.184935898247798991e-04
6.458772080952142336e-04
7.597691868044820218e-04
5.829701685847350767e-04
6.303358641310229105e-04
7.285476234684742924e-04
8.177863245411552684e-04
7.337713692626146589e-04
7.808952837092160426e-04
7.456305018729153522e-04
7.447751550310327540e-04
7.604674957579944661e-04
7.156906570019230807e-04
5.760147529166662062e-04
6.436241306985272803e-04
7.006955765958625126e-04
5.723505046994689649e-04
7.156870850147656338e-04
6.929577486937607556e-04
8.637027266456716312e-04
5.982197700931633777e-04
6.655202398018547627e-04
6.714310623758511232e-04
6.913735739831027016e-04
8.652407558566652113e-04
5.471339483104249723e-04
7.012213125499947020e-04
6.935882883231242468e-04
7.147588388103434665e-04
7.050904905546648282e-04
6.198722553036051242e-04
6.109668774351185994e-04
5.024520808397953814e-03
3.375873109346474304e-03
2.832606310509522274e-03
2.672359168401708396e-03
2.260496506111871889e-03
1.915883302817243672e-03
1.961574402354837598e-03
1.610100783761364562e-03
1.504773636097876677e-03
1.632632368985025006e-03
1.394291046169456039e-03
1.536764453100192274e-03
1.256820782949502613e-03
1.055363370072615048e-03
1.287750990956484237e-03
1.492852804733355715e-03
1.242239597141866353e-03
1.291504836590767757e-03
1.150207050828844918e-03
1.024357053405176160e-03
1.281446920143744506e-03
1.104678431250161880e-03
8.294949833349898882e-04
1.121011570484824194e-03
1.045915836752814299e-03
8.614085563301565607e-04
1.109987904698194611e-03
8.563074227791213355e-04
9.419382503403801732e-04
8.528798347405691649e-04
7.732867842791327218e-04
1.021617863689840838e-03
9.113955378445073863e-04
9.346268145108450887e-04
8.395722578270481407e-04
8.267919960080992448e-04
7.838041499415027147e-04
8.837352764230442526e-04
7.724362492310017647e-04
6.979979736175395688e-04
9.101339657437423902e-04
7.985643718391444157e-04
7.532380455257253749e-04
7.856158230917335838e-04
7.164869026263856466e-04
7.027812071172222230e-04
7.264308875839300961e-04
7.418480464101429028e-04
8.417289723076371022e-04
6.985295458054180395e-04
5.947637249918737157e-04
6.886684558762186381e-04
8.066234431333592358e-04
6.980581222201902303e-04
6.761798497258789120e-04
6.901236233235463757e-04
7.691387588709616696e-04
7.139563601966832096e-04
6.699273353198212377e-04
7.799121612302346851e-04
6.706501851921412016e-04
6.803106128179178813e-04
5.566496242446067333e-04
5.772079693911469356e-04
7.319458664907033119e-04
5.424584729126075144e-04
6.674206141136021508e-04
6.127559467585912134e-04
5.954242590907980748e-04
5.985181802311556609e-04
6.060657599997396061e-04
6.213521109149876265e-04
6.567851307461743116e-04
5.253503361144773454e-04
6.330306303395059897e-04
7.780778566152252163e-04
6.265955553592869598e-04
5.753852634539091682e-04
6.072743991979920319e-04
4.135006504443414221e-04
6.795964825148520516e-04
6.726288815610791116e-04
6.063578135106911793e-04
5.363799131122455599e-04
7.070012184283817891e-04
6.279498583264334077e-04
5.837231124252474646e-04
6.368029066965603946e-04
5.698375218286255706e-04
5.295222214429552710e-04
5.468913043480856662e-04
6.112792602874610182e-04
7.445094975994034914e-04
5.136271034079931130e-04
6.721708188713836074e-04
5.452486618928789608e-04
5.814752289808877705e-04
6.205184628483156883e-04
6.005410613115526319e-04
5.621391934288004488e-04
7.264877706752298492e-04
6.492040174535425312e-04
7.820687355846178690e-04
5.651844842318315409e-04
5.364204445474918259e-04
7.251484722574953745e-04
5.687253829205971001e-04
5.858294484699343163e-04
6.738471267716365787e-04
5.516670418325188285e-04
6.207629342418960472e-04
5.926229334032306895e-04
4.784504961417232471e-04
5.258385599376420860e-04
6.609976673278283865e-04
5.831659810452138881e-04
6.136856511851154772e-04
6.316518794827995220e-04
6.615856318798532532e-04
6.584138640536238429e-04
6.584635259996932111e-04
6.072104821874847735e-04
7.270118488708274262e-04
5.960500047084774100e-04
6.517269560692671992e-04
5.812204153450364896e-04
6.757891248013910002e-04
6.950982935741943647e-04
5.751717406250675402e-04
5.282742176032119430e-04
6.075222671315314016e-04
5.743670191130888225e-04
5.575181686343216869e-04
5.820572901961834633e-04
6.810180134750841441e-04
5.022256972311463230e-04
3.900132860047700323e-04
5.951397569424789202e-04
6.159945051709692088e-04
5.264497222878111726e-04
6.463405716944717327e-04
4.972851487408426474e-04
4.993437193667321639e-04
6.508718663639292967e-04
5.599211223002997784e-04
5.810601318090163891e-04
5.310430528879597767e-04
8.542222497328645636e-04
6.355742049196505539e-04
5.965144919275675028e-04
5.233043616314145274e-04
5.612182063717482960e-04
4.921398760307574283e-04
5.502655341226639352e-04
4.729495742062175823e-04
6.944857940723997425e-04
6.272883891980940430e-04
5.329737930235417531e-04
6.166787101543336203e-04
6.099193500240483734e-04
4.278730779581005339e-04
5.814242603994421166e-04
5.251260496531608146e-04
6.021484447609019852e-04
5.381461799684947311e-04
5.952447514067440992e-04
5.824529981703387149e-04
5.941885953290766686e-04
5.629403381918508809e-04
5.519358205029467612e-04
7.095700012772973575e-04
4.930245539828265189e-04
5.561528214780356305e-04
5.333443157543651947e-04
5.780362837817139277e-04
5.242743025587089101e-04
4.986960775700578774e-04
5.680440028211289349e-04
6.279196996487913796e-04
7.015032737916274130e-04
5.786868634737596384e-04
6.493381856055059631e-04
5.932323838921775561e-04
5.215191524429868553e-04
5.625532351915263352e-04
4.882185555929834109e-04
5.825786470411500884e-04
6.046023745319289988e-04
5.562805774626256028e-04
5.185513041590997241e-04
5.764722409461395247e-04
5.637488261189364802e-04
4.802579233489194521e-04
5.305610417500605802e-04
6.150931648532045881e-04
5.422732219292902833e-04
4.289094340166194064e-04
5.897457194027136418e-04
5.492240153109756440e-04
6.371567964141879037e-04
6.806770207243628690e-03
3.933050755314450309e-03
3.437848313134567180e-03
2.482453339756985483e-03
2.406663614757005576e-03
2.281170803836957833e-03
2.015849593853837746e-03
1.946437283695680309e-03
1.859013486703624957e-03
1.520836852488952062e-03
1.736051475472066841e-03
1.819691904793949849e-03
1.769638959032881348e-03
1.571626664346906926e-03
1.536307845177119907e-03
1.569837613666281995e-03
1.457188925957395714e-03
1.527398884493973846e-03
1.611441735366515859e-03
1.509300605323445760e-03
1.512610830153918867e-03
1.173342790221063026e-03
1.380932903742856238e-03
1.204158367258709866e-03
1.467070588444724377e-03
1.160694881432403069e-03
1.304496405420376565e-03
1.415136941677837268e-03
1.397139683358007700e-03
1.232681230860996346e-03
1.343038425160106297e-03
1.333376262024892067e-03
1.124597810108259738e-03
1.224008734868976822e-03
1.454445819538633528e-03
1.096268623398909819e-03
9.634206456360337734e-04
1.025449833847009995e-03
1.189176028338199964e-03
1.026586808416569269e-03
9.732315372710902135e-04
1.182001342603183902e-03
1.081993475395739979e-03
8.330497216966145646e-04
1.011723280980050821e-03
9.632470191526520953e-04
9.606039846555072814e-04
8.910558123010024756e-04
1.028221635280258256e-03
1.091593994405951756e-03
9.740463250643392745e-04
9.103140274964137413e-04
9.484877595730620281e-04
1.090012044520423384e-03
1.006078556688910774e-03
9.922522231948643912e-04
9.160363390457518240e-04
8.613981139863509384e-04
9.750257656068947454e-04
8.565902169573626213e-04
8.553678959795502079e-04
9.627803734554643555e-04
1.023423044632074813e-03
7.683796913159832154e-04
8.638579915731837977e-04
9.638168196631179130e-04
1.008146805441399035e-03
9.360320968456216362e-04
8.513941323909091086e-04
8.422716504699577500e-04
9.122966009100404172e-04
8.000243365872544699e-04
8.809129697195348940e-04
8.299475567870202852e-04
7.908638598101459805e-04
8.843427673794444777e-04
8.307404413408804589e-04
8.535299663407248938e-04
9.985764788884889109e-04
8.410132224955894908e-04
8.943855140268325288e-04
8.576677200829024850e-04
8.470958540145630267e-04
6.907535645209808561e-04
8.691417121750970309e-04
7.619683054027742708e-04
6.936624712261668657e-04
7.555799989138502204e-04
9.541241522639243300e-04
9.063183030896398984e-04
8.636112833747093542e-04
7.799954522820957969e-04
8.080294096783832702e-04
6.955656051200048706e-04
7.683913739644498975e-04
1.044306301825108363e-03
8.900089208199249424e-04
8.131057897948767987e-04
8.436348378840913265e-04
8.421271904649890727e-04
8.185204468204101969e-04
8.215557844637108587e-04
8.815611624972061189e-04
7.600858521900621945e-04
6.508637508438538943e-04
9.296140816817261010e-04
6.901139354577867646e-04
8.720358803399226588e-04
7.776224919120236501e-04
8.014712461989273451e-04
7.312761436116047009e-04
7.192310203291488180e-04
7.146971040638064321e-04
8.313256038681438032e-04
7.586892787085630641e-04
6.891011969465642151e-04
7.390093827805109539e-04
8.005288014860598156e-04
7.495937337704261516e-04
6.524330694816608822e-04
8.139870351169149754e-04
7.571375467670046766e-04
7.332309134676050222e-04
6.678618272669897826e-04
6.868534277836707558e-04
7.578370060153209742e-04
8.003407259047461142e-04
7.344076605850687056e-04
7.499884541150997341e-04
8.149293610270023913e-04
8.113226205472660879e-04
7.383386528199559207e-04
7.624491856089640751e-04
5.841547746445255318e-04
7.128946204828442990e-04
7.691239367648358694e-04
7.688424715000946597e-04
6.679497517010878072e-04
6.395241326440474772e-04
7.672241142562957750e-04
7.653130823993201104e-04
7.752239005863990895e-04
7.302721894088329280e-04
6.813528840791879815e-04
7.128707089163674460e-04
6.745057996111261667e-04
7.442685477706059705e-04
7.584000637836270375e-04
7.238767429470320536e-04
5.570293607264978353e-04
7.788763663857008190e-04
6.499068292697418592e-04
5.700748038982676735e-04
6.488234540498565017e-04
9.038152071679864119e-04
8.995523857872438078e-04
6.763588527612419965e-04
6.207568903912087654e-04
7.114942957183421901e-04
5.973730596995942277e-04
6.492116019714104513e-04
6.592824906110350547e-04
7.292139593348158366e-04
6.012217126668828460e-04
7.337536502117526782e-04
7.216394679975604576e-04
7.196479269109892773e-04
5.656603594024894877e-04
6.966857560445072206e-04
8.273430250989553814e-04
6.383682851120175972e-04
6.519056997041985935e-04
6.856235572771443576e-04
6.639263905791545350e-04
6.422140330338242664e-04
7.775933019097819310e-04
6.457556602054957684e-04
7.283981906717890142e-04
7.301188045985423924e-04
6.754712146936833750e-04
5.929765587952412487e-04
7.181432514028369962e-04
6.787181662206709376e-04
7.254033805287989078e-04
5.740801538731514497e-04
9.039084019909909840e-04
6.959397043310479314e-04
7.693500497164065810e-04
7.615479978322209353e-04
5.104721187278622729e-04
7.470255145520174334e-04
6.694516823428260655e-04
5.984187199827954717e-04
6.701196122343641703e-04
6.492736137838940602e-04
7.311609231763632755e-04
6.123979826039537000e-04
6.830951102007667974e-04
6.218056317308304215e-04
7.056312693807381686e-04
7.904776826884101631e-03
5.394143958322172167e-03
3.735321384650231585e-03
2.570663878235849437e-03
2.261958582253833366e-03
2.075372145324300144e-03
1.834850454456828789e-03
1.788204948144814233e-03
1.769235595218694723e-03
1.772542705949120556e-03
1.657793139758580864e-03
1.455637682842545605e-03
1.221001681849926551e-03
1.431948540363995465e-03
1.461729787113150852e-03
1.447577010286828919e-03
1.581124603956103603e-03
1.413353840728593519e-03
1.300408558888119237e-03
1.356650837617903033e-03
1.372568555639334248e-03
1.345946110780579796e-03
1.192155685285876954e-03
1.175237939847310203e-03
1.422215237585549436e-03
9.556170535449902415e-04
1.190474947588074373e-03
1.022133890280465390e-03
1.084287833298679810e-03
1.094272812014622509e-03
1.196630704292978714e-03
1.054932267789441408e-03
8.611647963433499697e-04
1.016777737875583509e-03
1.071132469505700624e-03
1.081098014795753987e-03
1.316697477381507941e-03
1.199630766920235792e-03
1.227573476003288033e-03
9.726767949634826382e-04
8.793401461959504672e-04
1.098628765549582859e-03
9.697537323715282875e-04
9.699242610047252577e-04
1.074830294508985484e-03
9.892972501199456814e-04
1.151549969692793052e-03
1.121861329016111269e-03
1.028889436304903510e-03
1.007976251320305550e-03
9.255258927114116962e-04
9.274717477815511146e-04
1.003992580595719497e-03
8.474159185944268868e-04
8.927820068968979339e-04
8.985801253026635960e-04
9.943242620518710773e-04
7.959186337699805658e-04
1.091101445298638811e-03
9.034522893573218583e-04
1.042453925378643981e-03
7.355495521246327439e-04
8.836686640261645631e-04
8.940008169057364618e-04
9.354324401115478305e-04
7.891432057115892185e-04
8.207110254745478284e-04
8.010659296723565692e-04
7.528524224218388627e-04
7.969764673834978108e-04
8.776800611700157073e-04
6.684178950973583555e-04
9.015514367180892108e-04
1.032047947596530235e-03
8.977663055045638496e-04
7.498311087840194011e-04
8.017180634668878703e-04
1.030037998792553144e-03
7.159386553176674828e-04
8.896033442382100809e-04
7.614793381977916220e-04
8.150340612854030387e-04
9.054648021804626024e-04
7.985392217781626945e-04
7.656097978691878136e-04
8.425767234539645323e-04
9.031687155317442983e-04
7.746792914641691119e-04
7.483393192451621989e-04
7.667638881498975434e-04
9.142584909680798178e-04
7.086740083668760515e-04
7.881147714136685356e-04
7.522961175479708773e-04
7.880245260280735464e-04
9.903432987221974515e-04
7.480938898740407961e-04
6.984860234074997953e-04
9.554125809687341597e-04
6.586757691924780000e-04
7.084595273827605511e-04
7.988914298475112419e-04
8.047145357706515789e-04
7.965676651749305226e-04
7.392504518910249234e-04
8.149076464048950197e-04
7.243363494797497304e-04
6.740029839294482683e-04
7.135467342976459237e-04
6.530769308234554704e-04
8.619407775817718165e-04
7.274688457924310958e-04
6.373709229867616233e-04
7.443370516156157246e-04
7.750756146076634434e-04
8.509644608581008740e-04
6.761745184173176271e-04
8.164310092965768040e-04
7.019865242143853712e-04
6.805387705659284026e-04
6.748782204934467011e-04
8.303362420114465681e-04
7.038811086258443817e-04
6.280093992265534109e-04
8.252694307315788791e-04
6.915147876157407003e-04
5.808153033177165803e-04
7.523548493292148143e-04
7.305651265123169757e-04
7.098957466120797699e-04
9.494443799487641000e-04
7.885173880734647200e-04
6.371132566294485100e-04
7.589564795334596825e-04
6.443319917593288981e-04
6.748451536801487738e-04
8.117783399224920426e-04
8.514366595792181858e-04
7.415424805591354362e-04
7.620711305211212705e-04
6.543257379639268179e-04
7.401086755036458131e-04
6.178373615625329385e-04
6.526038522517221829e-04
7.406781373002699342e-04
6.393877144848236771e-04
6.359086772255787001e-04
5.799908119721933208e-04
6.211877342733110319e-04
6.904559631501459849e-04
7.258612227047794851e-04
7.474481740140960506e-04
6.464699462445898381e-04
7.458694399993283375e-04
7.457641215311838767e-04
7.405912603079614631e-04
5.409416091272378768e-04
6.915381752741374399e-04
7.091720560845268806e-04
6.847560111612298328e-04
6.995074496386408103e-04
5.920817554555569961e-04
5.861917531292046291e-04
6.532081073491458056e-04
6.683958648987381457e-04
6.635022622925521030e-04
6.324961588268090962e-04
6.423932091312693771e-04
6.050240158896047493e-04
6.462163068492558782e-04
7.901886028882851298e-04
6.704739892350493335e-04
6.195599031996040784e-04
6.061166512264376527e-04
5.948405633862778596e-04
7.325185883415748223e-04
6.463875948788458392e-04
6.815495435730407892e-04
6.830797855295611676e-04
6.729864000373057820e-04
6.664128726451001850e-04
7.504003000534630041e-04
6.335374866075008105e-04
5.675140219129209962e-04
6.079916994225949278e-04
7.586580257415917461e-04
6.595404159993011051e-04
6.860739270753701824e-04
6.457367480757758571e-04
6.509814082602677354e-04
6.348963499796314580e-04
7.086239387523417255e-04
7.124927704718481136e-04
5.210620223275834462e-04
5.935253837545222122e-04
5.504550938124526394e-04
6.514400580724388767e-04
5.135513635887295480e-04
6.858471157081096059e-04
8.447218759924449150e-04
9.140334190771488843e-03
5.540530749024507456e-03
4.354811115881009748e-03
3.437945860368909340e-03
3.393634940305163133e-03
2.847715507509125665e-03
2.985578206261815803e-03
2.614260712702723422e-03
2.517475508695143221e-03
2.454830599671907476e-03
2.221963273529810323e-03
1.939090859690538460e-03
1.924619661335703891e-03
1.920322310654254405e-03
2.254417838558665094e-03
1.798368867875994870e-03
1.611978628020323268e-03
1.811496682250002266e-03
1.584796428171015431e-03
1.767437060734799309e-03
1.695586352609353836e-03
1.527476423171244407e-03
1.538563858717610644e-03
1.339673864035127726e-03
1.656694428990797968e-03
1.348649647017041014e-03
1.404031303343163117e-03
1.464039387022719740e-03
1.526815597423972215e-03
1.411127813957913091e-03
1.266233646099634153e-03
1.227428313040644647e-03
1.245709619493554771e-03
1.303598329518217830e-03
1.134041639539212082e-03
1.245021523127550628e-03
9.934140996028135995e-04
1.265434420574425289e-03
1.098060626795106798e-03
1.187134784938877197e-03
1.003792226919431041e-03
1.138327376927310286e-03
1.008341345891828472e-03
1.002306421234354372e-03
1.036964689962879826e-03
1.045044224026226570e-03
1.072978915668310745e-03
1.044226698390358227e-03
1.193722731988682700e-03
9.212001087425224222e-04
9.899496455466026690e-04
9.440745165440016240e-04
9.110324570646283204e-04
8.493623993869811595e-04
8.424567047075962045e-04
8.268995690717609315e-04
7.936191010345788888e-04
9.002051932780162635e-04
7.934184268626430503e-04
9.459207103083497326e-04
7.879504096618486497e-04
7.464443022735627042e-04
7.880171316667523851e-04
8.109644364361241753e-04
8.064580431926156312e-04
1.072054084795825979e-03
7.618996520577167586e-04
8.147576123578512131e-04
7.565430148868748650e-04
7.760053675727705824e-04
7.971475196431945798e-04
7.306564515460779730e-04
7.543976816248576522e-04
8.360047097191389276e-04
9.226761713664495546e-04
8.053249882399825255e-04
8.354410288509729610e-04
8.146080189865498311e-04
7.862335778962489807e-04
7.656957845056551470e-04
7.461523739668712851e-04
5.810625786732068199e-04
8.405454789518346237e-04
6.569092172081583692e-04
7.648172140973172328e-04
7.697311487063207558e-04
7.452490900779693006e-04
7.765778169352248461e-04
9.249750644312222658e-04
7.531664381514556472e-04
7.993117740120042614e-04
7.003589435126758578e-04
7.145830499470338937e-04
6.406416881486881598e-04
6.947389684686701428e-04
7.165224098102836170e-04
6.965620335891153925e-04
6.628276694631077270e-04
6.804041589283486846e-04
7.811619945079575911e-04
7.778999968914429575e-04
7.292085277895883622e-04
7.151804748860395022e-04
6.853798903667836229e-04
7.077383567703730838e-04
7.094408881965774682e-04
7.014439784086973217e-04
7.779674243936496314e-04
7.386296640347206344e-04
6.504903014732388300e-04
6.955000467245286977e-04
7.300859414920285451e-04
7.721953018213038866e-04
7.486830695739091213e-04
6.716547913500486855e-04
7.330587532185586785e-04
6.793485020861779466e-04
5.355311699313212992e-04
7.209335744503171661e-04
7.041199025909494758e-04
5.680813684424100563e-04
5.882010266198348103e-04
5.745000729156964081e-04
7.669955381903528768e-04
6.818867635738773414e-04
7.310633559561054151e-04
7.436281547311268669e-04
6.230682617222281505e-04
7.116000427318143473e-04
7.063422638597764702e-04
6.294618373767144059e-04
7.141295018028744057e-04
6.068355987498726123e-04
6.498203917801280427e-04
5.615836984676700339e-04
6.888010103355789171e-04
6.901000749772595588e-04
6.404334696023701590e-04
6.879250127549557670e-04
6.503542979874148144e-04
6.724932743976778926e-04
7.552290031700818751e-04
5.775181737935203286e-04
6.817532358538436199e-04
5.797801445663886000e-04
6.792162654015755641e-04
6.613384764307221608e-04
7.903086822039218085e-04
6.358750539525830081e-04
7.929265842191481062e-04
7.184482885723673939e-04
6.761622524296233283e-04
6.028583066833015369e-04
7.124953627639235565e-04
6.669882153695835814e-04
6.632674427564239084e-04
6.664418928952892118e-04
6.965220406332378600e-04
6.535213725336157242e-04
6.072473759812166416e-04
5.096297861497643689e-04
8.052662485924823310e-04
7.218613691784940556e-04
6.088421521572885686e-04
7.671323380275922588e-04
6.393511270672627700e-04
6.960654728306661654e-04
5.739057691513602122e-04
5.627780529612845528e-04
6.849661950880867045e-04
6.197867547444932401e-04
7.597650853840461072e-04
7.211387561503294907e-04
6.448199463591833269e-04
6.608073132114214432e-04
5.603605328710140054e-04
6.613158823968803834e-04
6.452640153545852186e-04
4.974381051005907772e-04
6.094525651199403371e-04
7.508668661642299569e-04
5.974345330752202365e-04
6.405870712069758333e-04
5.931709160885319243e-04
6.898203845442443805e-04
6.049662409492624626e-04
5.909067707687391813e-04
5.056448552633457938e-04
5.403916938695532690e-04
5.755957212686853286e-04
6.090985446440266848e-04
6.096041977058964945e-04
6.027559295172305043e-04
6.254854973388249140e-04
5.577856262842656454e-04
6.263242061448764941e-04
7.678343197757529770e-04
5.440094800320850743e-04
6.432205597122590823e-04
6.975782942693631306e-04
