4.663761907972508586e-03
2.336040558027184522e-03
2.298055947387772635e-03
2.161208779636630828e-03
1.503958140140489175e-03
1.863369197398621890e-03
1.607426415389759389e-03
1.488017498278253192e-03
1.440740116835280415e-03
1.349747822583770296e-03
1.440360529209008117e-03
1.124376587646368914e-03
1.163626623388890058e-03
1.252113998461604205e-03
1.170435457737633439e-03
1.327270853974465981e-03
1.251630032031481737e-03
1.050921619226666270e-03
1.236922331195940139e-03
1.124276236523561595e-03
1.108052928205646021e-03
1.059660404029869052e-03
1.028745830005926148e-03
1.151916746625153420e-03
9.877385937435007035e-04
1.069622290623416933e-03
1.196168180302086687e-03
1.101234917876690866e-03
1.036067883149294905e-03
1.066884453486731388e-03
1.095480551893675963e-03
1.116703089944083571e-03
9.901312610781920487e-04
1.116463481285669135e-03
1.113284044913821769e-03
1.031224972158937409e-03
1.201975473866506022e-03
1.010665393487774483e-03
9.672432209444359330e-04
1.002773309477567043e-03
1.139550066608444046e-03
1.046527531946180034e-03
1.057733777700149008e-03
1.042592413410543817e-03
1.216452663440208831e-03
1.155088438377038090e-03
1.022470285303469367e-03
1.153020132580305501e-03
1.121576635437670361e-03
1.021949719423209668e-03
9.787350161442089080e-04
9.767485084649397964e-04
1.036571068325910921e-03
9.419315998059167583e-04
9.122209632432404236e-04
9.549203989509189028e-04
1.284170242712302790e-03
9.498573573292340422e-04
1.126909289463670638e-03
9.412722238952946074e-04
8.879289437700235710e-04
9.693215365518363658e-04
9.866771110363173336e-04
1.016144031464272235e-03
1.105020266228905201e-03
1.165053141674761428e-03
8.356086627290745805e-04
1.055321706156076011e-03
1.161436815864252958e-03
9.227859836436966279e-04
8.390860519869140777e-04
8.850093880899377596e-04
1.058984121169528198e-03
9.595069984685428155e-04
8.129699146330882087e-04
9.049056631903230896e-04
9.452724974670125013e-04
8.370331434771859092e-04
8.622641799467013757e-04
9.693585803183003835e-04
9.332911546626847243e-04
9.725847405528294243e-04
1.063015099287068638e-03
9.606068950295046371e-04
9.956557461371293161e-04
8.333885479748781577e-04
8.923277062241746771e-04
9.912486667967637666e-04
9.846581497974724040e-04
1.043554477215630216e-03
8.656177940802971260e-04
8.755877239320641880e-04
9.205462779771529658e-04
9.720739786589840947e-04
8.392048980543215242e-04
9.567113446486107120e-04
9.893151098579570923e-04
8.792194362465463597e-04
8.672086131451782476e-04
8.914546472521475695e-04
9.202824762700907713e-04
1.021420721533505133e-03
9.019627267230351242e-04
8.878009720693358364e-04
8.523036166768922783e-04
9.800762596397713522e-04
8.838061537773493626e-04
1.032213918619771104e-03
1.189008718001940967e-03
8.248719864820605596e-04
7.930608725863035058e-04
8.712144759075793332e-04
9.147691148874044498e-04
9.463861063379770677e-04
9.426821431934226392e-04
8.789918860331660810e-04
1.021424880812825398e-03
8.545131489022562976e-04
9.514938220227669996e-04
8.384558960471133471e-04
9.546066781467889284e-04
9.403089703106312647e-04
9.278179809805858769e-04
9.472829046877004333e-04
9.885835519762679879e-04
7.868697912912468728e-04
9.131501571123766536e-04
9.380236379336395758e-04
9.651920415840349599e-04
7.656905535693460385e-04
9.257589358786649791e-04
9.188484590657644557e-04
8.204274443702717912e-04
8.834760736101641976e-04
9.730907659609606963e-04
9.258638408386858643e-04
8.813371533549774206e-04
8.912342714685744793e-04
9.199075456598274081e-04
9.980465948496927697e-04
1.066434806996953422e-03
8.567834673920485256e-04
8.201689901754793954e-04
9.324232716935755561e-04
9.776195330661353877e-04
7.876321566192938384e-04
8.913597363453158728e-04
8.651710244318086551e-04
8.364219093004755801e-04
7.378376751987700266e-04
7.311030344446869944e-04
8.164305919965177127e-04
7.668287613038331230e-04
7.638521317184232551e-04
9.575966621745007901e-04
8.915686389742195905e-04
8.515335319990331719e-04
7.419978611517517864e-04
8.601861143806982524e-04
9.953953656166927844e-04
8.234558137827710511e-04
7.990865122245865981e-04
8.705794615523655688e-04
8.610477019792943387e-04
9.307709169291099316e-04
7.873690435166343093e-04
7.862773170865255956e-04
7.236948553494861047e-04
9.611517421327792077e-04
8.135903529789129118e-04
8.189767547347528986e-04
9.534300050242985880e-04
8.650563619419342209e-04
8.348159358367961136e-04
9.455982557116070220e-04
8.568696521315498360e-04
8.607550845133905837e-04
8.919387729123019748e-04
8.479002475821097173e-04
7.896865787297563388e-04
8.042335473776619781e-04
7.121160990629718524e-04
9.635405583412366692e-04
8.316855758343580374e-04
8.095951813546602149e-04
7.317213936908484317e-04
7.309952736445184118e-04
8.398700104359051177e-04
7.763673917789253032e-04
8.443433114376439064e-04
7.494758340159494991e-04
9.052004931920237807e-04
7.553323522878387097e-04
7.455565069739260309e-04
7.753434349750676358e-04
8.389946831911590519e-04
8.823741232134099666e-04
8.382463410951182525e-04
7.694285194809018236e-04
8.072944798470926830e-04
