4.663761907972508586e-03
2.336040558027184522e-03
2.298055947387772635e-03
2.161208779636630828e-03
1.503958140140489175e-03
1.863369197398621890e-03
1.607426415389759389e-03
1.488017498278253192e-03
1.440740116835280415e-03
1.349747822583770296e-03
1.440360529209008117e-03
1.124376587646368914e-03
1.163626623388890058e-03
1.252113998461604205e-03
1.170435457737633439e-03
1.327270853974465981e-03
1.251630032031481737e-03
1.050921619226666270e-03
1.236922331195940139e-03
1.124276236523561595e-03
1.108052928205646021e-03
1.059660404029869052e-03
1.028745830005926148e-03
1.151916746625153420e-03
9.877385937435007035e-04
1.069622290623416933e-03
1.196168180302086687e-03
1.101234917876690866e-03
1.036067883149294905e-03
1.066884453486731388e-03
1.095480551893675963e-03
1.116703089944083571e-03
9.901312610781920487e-04
1.116463481285669135e-03
1.113284044913821769e-03
1.031224972158937409e-03
1.201975473866506022e-03
1.010665393487774483e-03
9.672432209444359330e-04
1.002773309477567043e-03
1.139550066608444046e-03
1.046527531946180034e-03
1.057733777700149008e-03
1.042592413410543817e-03
1.216452663440208831e-03
1.155088438377038090e-03
1.022470285303469367e-03
1.153020132580305501e-03
1.121576635437670361e-03
1.021949719423209668e-03
9.787350161442089080e-04
9.767485084649397964e-04
1.036571068325910921e-03
9.419315998059167583e-04
9.122209632432404236e-04
9.549203989509189028e-04
1.284170242712302790e-03
9.498573573292340422e-04
1.126909289463670638e-03
9.412722238952946074e-04
8.879289437700235710e-04
9.693215365518363658e-04
9.866771110363173336e-04
1.016144031464272235e-03
1.105020266228905201e-03
1.165053141674761428e-03
8.356086627290745805e-04
1.055321706156076011e-03
1.161436815864252958e-03
9.227859836436966279e-04
8.390860519869140777e-04
8.850093880899377596e-04
1.058984121169528198e-03
9.595069984685428155e-04
8.129699146330882087e-04
9.049056631903230896e-04
9.452724974670125013e-04
8.370331434771859092e-04
8.622641799467013757e-04
9.693585803183003835e-04
9.332911546626847243e-04
9.725847405528294243e-04
1.063015099287068638e-03
9.606068950295046371e-04
9.956557461371293161e-04
8.333885479748781577e-04
8.923277062241746771e-04
9.912486667967637666e-04
9.846581497974724040e-04
1.043554477215630216e-03
8.656177940802971260e-04
8.755877239320641880e-04
9.205462779771529658e-04
9.720739786589840947e-04
8.392048980543215242e-04
9.567113446486107120e-04
9.893151098579570923e-04
8.792194362465463597e-04
8.672086131451782476e-04
8.914546472521475695e-04
9.202824762700907713e-04
1.021420721533505133e-03
9.019627267230351242e-04
8.878009720693358364e-04
8.523036166768922783e-04
9.800762596397713522e-04
8.838061537773493626e-04
1.032213918619771104e-03
1.189008718001940967e-03
8.248719864820605596e-04
7.930608725863035058e-04
8.712144759075793332e-04
9.147691148874044498e-04
9.463861063379770677e-04
9.426821431934226392e-04
8.789918860331660810e-04
1.021424880812825398e-03
8.545131489022562976e-04
9.514938220227669996e-04
8.384558960471133471e-04
9.546066781467889284e-04
9.403089703106312647e-04
9.278179809805858769e-04
9.472829046877004333e-04
9.885835519762679879e-04
7.868697912912468728e-04
9.131501571123766536e-04
9.380236379336395758e-04
9.651920415840349599e-04
7.656905535693460385e-04
9.257589358786649791e-04
9.188484590657644557e-04
8.204274443702717912e-04
8.834760736101641976e-04
9.730907659609606963e-04
9.258638408386858643e-04
8.813371533549774206e-04
8.912342714685744793e-04
9.199075456598274081e-04
9.980465948496927697e-04
1.066434806996953422e-03
8.567834673920485256e-04
8.201689901754793954e-04
9.324232716935755561e-04
9.776195330661353877e-04
7.876321566192938384e-04
8.913597363453158728e-04
8.651710244318086551e-04
8.364219093004755801e-04
7.378376751987700266e-04
7.311030344446869944e-04
8.164305919965177127e-04
7.668287613038331230e-04
7.638521317184232551e-04
9.575966621745007901e-04
8.915686389742195905e-04
8.515335319990331719e-04
7.419978611517517864e-04
8.601861143806982524e-04
9.953953656166927844e-04
8.234558137827710511e-04
7.990865122245865981e-04
8.705794615523655688e-04
8.610477019792943387e-04
9.307709169291099316e-04
7.873690435166343093e-04
7.862773170865255956e-04
7.236948553494861047e-04
9.611517421327792077e-04
8.135903529789129118e-04
8.189767547347528986e-04
9.534300050242985880e-04
8.650563619419342209e-04
8.348159358367961136e-04
9.455982557116070220e-04
8.568696521315498360e-04
8.607550845133905837e-04
8.919387729123019748e-04
8.479002475821097173e-04
7.896865787297563388e-04
8.042335473776619781e-04
7.121160990629718524e-04
9.635405583412366692e-04
8.316855758343580374e-04
8.095951813546602149e-04
7.317213936908484317e-04
7.309952736445184118e-04
8.398700104359051177e-04
7.763673917789253032e-04
8.443433114376439064e-04
7.494758340159494991e-04
9.052004931920237807e-04
7.553323522878387097e-04
7.455565069739260309e-04
7.753434349750676358e-04
8.389946831911590519e-04
8.823741232134099666e-04
8.382463410951182525e-04
7.694285194809018236e-04
8.072944798470926830e-04
4.131745160410128792e-03
2.601541252584688158e-03
2.216102495584400950e-03
2.210284594132517350e-03
1.928208928295094271e-03
1.658917418851293263e-03
1.603657308323822722e-03
1.535648749131864749e-03
1.746058114782747528e-03
1.886126422393649693e-03
1.518209748851032798e-03
1.324577327475120331e-03
1.476939153163738666e-03
1.497328273400249515e-03
1.319210295144746664e-03
1.285877440758698143e-03
1.261184971217042816e-03
1.405661475143982209e-03
1.327961536486194777e-03
1.365507447545693392e-03
1.254078074935927739e-03
1.390364718275010486e-03
1.145371576567917604e-03
1.368848033355130056e-03
1.113800065193362721e-03
1.445200605682709499e-03
1.160035783660886416e-03
1.135138669398280675e-03
1.308032817640931295e-03
1.176708737352115397e-03
1.237965250415411222e-03
1.242538941239310080e-03
1.143133368860679150e-03
1.136560371931476937e-03
1.169945504444578482e-03
1.143187958503377732e-03
1.397744348472604314e-03
1.102689005997671556e-03
1.098641022015796331e-03
1.065850603310575240e-03
1.241991386894267940e-03
1.290943971493038051e-03
1.076600517487154296e-03
1.025034419509400496e-03
1.153421709830265707e-03
8.999500128098296414e-04
9.828437794867569965e-04
9.536911379233008190e-04
9.347060816114784176e-04
1.041649963075576280e-03
1.009346727227408008e-03
1.054286129391353299e-03
9.461048474874965419e-04
9.231574364372031882e-04
9.683617195058030758e-04
9.965079147124245029e-04
9.496216155991631103e-04
1.060946251497427162e-03
9.985981590570347510e-04
9.682184942658017546e-04
8.469991192741090080e-04
9.755936577963801593e-04
8.326511423683881363e-04
8.841945846927538877e-04
9.779046500361654459e-04
9.665321992757720804e-04
8.111535769727215572e-04
7.839757479878410595e-04
1.025876789591026461e-03
1.075769842953315514e-03
9.681357219910313727e-04
9.654761891753071978e-04
9.329259862853114815e-04
9.210063440644664090e-04
1.036712375882077597e-03
8.754468430091297271e-04
9.669831731221080473e-04
9.643876026536393753e-04
9.799104565533858779e-04
8.710741246133260618e-04
8.876186944219675856e-04
1.059892376099127315e-03
8.010780540178598363e-04
9.416161942910825089e-04
7.955042940585056732e-04
8.453957460954272807e-04
6.921596335483989892e-04
9.185672155009524942e-04
1.132275617344163932e-03
9.866583551489879755e-04
7.596270555752203391e-04
9.982169055864839602e-04
9.256570767663813148e-04
9.846856671113651815e-04
9.329582115719034507e-04
8.814861270289055251e-04
8.691994481490536439e-04
8.059616880242564951e-04
9.370249245594375331e-04
8.514113099124219486e-04
9.448496373464509990e-04
1.018542258624438590e-03
8.912468873915023460e-04
9.614942129491238498e-04
8.597575699009832317e-04
9.059472893474876387e-04
9.107349832147976221e-04
8.282282580242029957e-04
7.368209549723746254e-04
8.284268928754577599e-04
8.610415688803559064e-04
8.432410407108459349e-04
7.772425523574454098e-04
7.349119055049153915e-04
8.527543833295181397e-04
7.568051842363685000e-04
7.699858190135175362e-04
7.569238187209344215e-04
8.504540492863393863e-04
7.477433568740879388e-04
7.482091923140254952e-04
7.933542475104735092e-04
8.956237445403338049e-04
8.636297502832047945e-04
9.191732455657054823e-04
8.900864986881376617e-04
9.476426977122788531e-04
8.045845228701921370e-04
8.603919815835976703e-04
8.255286659096666702e-04
9.153248572227670743e-04
8.897919547213688218e-04
7.509797425290440365e-04
8.795628777188008174e-04
7.624000486315916925e-04
8.332222077183266962e-04
8.852253706076000650e-04
1.026284827897273877e-03
8.316616757800023019e-04
8.767462660974646715e-04
8.358999768999231250e-04
7.932772609865607061e-04
9.458244918751426700e-04
8.502727813400716428e-04
8.496330770188381676e-04
8.627517760069272623e-04
9.619342674631499446e-04
8.343328428476355640e-04
6.933968165131441930e-04
7.704448147284534421e-04
7.680585515640048211e-04
8.906364125432462975e-04
7.694012933887398042e-04
7.320741184294529691e-04
8.203071081498355954e-04
8.660209353826796297e-04
8.673009753166725788e-04
7.853961601863024278e-04
8.499581953759910435e-04
7.622001497874196507e-04
7.953452216785603102e-04
1.025999323834063393e-03
7.189055423200176043e-04
8.512273940741547917e-04
9.027515616135545207e-04
7.596265537456042827e-04
8.767261309456861329e-04
7.133996340812527592e-04
8.402871649246732022e-04
7.648843705028857132e-04
8.593250262426584130e-04
7.830295009177840049e-04
8.560230112109462608e-04
6.913496127750641540e-04
6.301683300242409691e-04
7.489153781777037333e-04
7.796156915967043799e-04
6.029487853630062510e-04
7.866992409942437370e-04
8.991500953727006584e-04
7.652050316705148736e-04
8.191667853741126104e-04
6.365526179247377181e-04
6.774260966761168345e-04
8.058324708212494247e-04
7.967963677287977220e-04
7.471311293496436801e-04
6.699686582041126937e-04
6.558690225902247262e-04
6.765755441120666069e-04
7.343695640090151799e-04
6.742869684061361668e-04
6.939528306315230488e-04
6.265696894618595636e-04
6.852293634434618308e-04
7.328066610808453563e-04
6.624595376588313100e-04
7.542105029930447346e-04
6.871315298518226866e-04
6.574700420251787525e-04
5.080295276928419729e-03
4.663235327717327183e-03
3.439692389382031229e-03
3.180582031684892064e-03
2.860510522005099004e-03
2.699193750940288156e-03
2.315450652666070641e-03
2.522485765926587437e-03
2.052258569677195554e-03
2.065212966462750405e-03
1.990892140714673603e-03
1.992414743101370012e-03
1.552081070342253150e-03
1.530516333244615057e-03
1.278421136913617667e-03
1.540936972857544218e-03
1.296550681495527158e-03
1.356772285190235156e-03
1.593893519165254929e-03
1.198734439447117495e-03
1.247051941451395030e-03
1.427197521631340393e-03
1.270870311847468320e-03
1.313004031128654769e-03
1.225822743402778248e-03
1.274130131608812444e-03
1.154168462856267757e-03
1.414150372391339422e-03
1.295108314333305588e-03
1.375664856217505283e-03
1.270938352939603860e-03
1.332726838853822565e-03
1.087608426949715490e-03
1.120534332446705000e-03
1.299174893401047748e-03
1.118787204186757339e-03
9.944230758273907289e-04
1.082272599171946875e-03
1.063633093206537567e-03
1.046183036307463121e-03
1.145124553533334588e-03
1.193736414931922951e-03
1.010857538291644320e-03
9.659819907710462394e-04
1.047883809108775960e-03
1.184116998826513500e-03
9.419307001146751124e-04
8.931796720280625601e-04
1.073589589539115235e-03
8.931392635518169143e-04
8.921209563859423819e-04
9.173833430777995901e-04
9.452448465281128309e-04
9.370184232211989372e-04
1.007874589275058186e-03
8.920265295359677826e-04
8.890581583537830734e-04
9.083965049080829079e-04
1.068220465961979004e-03
8.392429092612882502e-04
9.785934649433163102e-04
8.531519647070398560e-04
9.205467815609491566e-04
9.361540998672202019e-04
7.878260586665283838e-04
1.025867266269853140e-03
8.513241776403786265e-04
8.672209434494662639e-04
9.764251035976473370e-04
8.028304803217554964e-04
8.341800711294290738e-04
7.588095366677614917e-04
8.094496671190373749e-04
9.436677674682820982e-04
9.074024692088053512e-04
9.086546566970110650e-04
8.069640935846437990e-04
7.192555215902486643e-04
8.480003837745761497e-04
1.128714530069008931e-03
8.006334242117787992e-04
8.375168226002413507e-04
7.194250947245399430e-04
9.215560016770270313e-04
9.395596834422016708e-04
8.144695271538604509e-04
8.391229571061732673e-04
8.463597247378717991e-04
1.014719302090509589e-03
7.125270758284590888e-04
8.670343734376861899e-04
8.994607115238271999e-04
9.135998750604973351e-04
8.002347772306760143e-04
8.549980382821613378e-04
7.819786117253431368e-04
8.994459049549638485e-04
9.798379226187980962e-04
8.055737194559119130e-04
8.697531269365801898e-04
9.458609570422542301e-04
7.385634487766142009e-04
8.794378189438296911e-04
8.890328550461186474e-04
8.632915469454216506e-04
7.657561535176146683e-04
8.437700387007411595e-04
8.625006245891152223e-04
9.077236203513180945e-04
8.812183197637116217e-04
9.463392264131079146e-04
8.238854036719048257e-04
8.388665367127338957e-04
8.375839722895503381e-04
7.932128539130459122e-04
8.505264503216557193e-04
7.335333760990041252e-04
7.116691244262729477e-04
8.057856692553454214e-04
8.247733013875546693e-04
8.401010959490501362e-04
7.978476857043864667e-04
7.489251269693665558e-04
7.587141290633196700e-04
7.912065640928861443e-04
7.320998864113539839e-04
7.631652657732745926e-04
6.912236920899629544e-04
8.265258325940716411e-04
6.830161275184001846e-04
8.449116294078698464e-04
7.694675027275013623e-04
7.763942899878702175e-04
8.445798618258344714e-04
8.396476085789292276e-04
7.261282113094034985e-04
7.476433597460550862e-04
7.190398403303724373e-04
6.805274757275825426e-04
7.348448044717861838e-04
7.405796557912805445e-04
7.095941567444655207e-04
6.944490057158407559e-04
7.018622657082758398e-04
7.896949045162263148e-04
7.481420826116191858e-04
7.118788987650406797e-04
9.160924634197369076e-04
8.071461657497697173e-04
7.901479476090517151e-04
6.902980783390702535e-04
6.765714399050160033e-04
6.739180978700409774e-04
7.266624552133907344e-04
7.297156699148238390e-04
5.669323959763758469e-04
7.876974853325106884e-04
8.853639320130328449e-04
9.006776014086823046e-04
7.401243483676836488e-04
6.780468109487541861e-04
6.985705693000922312e-04
6.748342259158962575e-04
7.806644078436272838e-04
7.060825840947866638e-04
7.961867394664576270e-04
7.886625632871104019e-04
7.048349498871217533e-04
7.786500619087061148e-04
8.389415989901310988e-04
8.278679851710900317e-04
6.963917961013074698e-04
6.618184050059434942e-04
6.942079804768581941e-04
8.679578972811581583e-04
7.477602202762903549e-04
7.925610925909563897e-04
7.368754621497018709e-04
7.418948096402123993e-04
6.855071509061470836e-04
7.384454290915720698e-04
7.354916149358986521e-04
7.220635403135979014e-04
7.335700478667793456e-04
7.948736602562886389e-04
8.077927957494714095e-04
7.238501099043337383e-04
6.958262675615979609e-04
7.174964458225643882e-04
7.142209525189263664e-04
7.220777491101018630e-04
7.456710925920762012e-04
7.258135692107189896e-04
8.873606520916621498e-04
6.619846519906463778e-04
6.612620934456532595e-04
7.183754685766603754e-04
7.439555538207055785e-04
8.526456303010014615e-04
7.743725190126581059e-04
3.872287680730730763e-03
2.722312630592596538e-03
2.333215312683059595e-03
2.136245138432468771e-03
1.750566994674115917e-03
1.692149108680929270e-03
1.601760301180272378e-03
1.481371920460050617e-03
1.558950539055265622e-03
1.531224939066443830e-03
1.270829758891884459e-03
1.491040469644253075e-03
1.289741344576919579e-03
1.456371592847543334e-03
1.216145785174226057e-03
1.229118722023709448e-03
1.219847936747155137e-03
1.432579997086902424e-03
1.074144630787483845e-03
1.253581607189378777e-03
1.246293115008772351e-03
1.056093790908922692e-03
1.143745819266780983e-03
1.296531089712886498e-03
1.037185587902264561e-03
1.104937681097969970e-03
1.136491016114106467e-03
1.096644076009241353e-03
1.111935930226588126e-03
9.840367351912973626e-04
1.212075986959586932e-03
9.354262981363242746e-04
1.154700486310257512e-03
9.937449778005674750e-04
9.782977349835700331e-04
9.316060224277347701e-04
9.208795899896329851e-04
1.026601908721648526e-03
9.120063140198829410e-04
1.082650134575868783e-03
9.950131708734120950e-04
9.594202323998136939e-04
1.023035250604303198e-03
1.112538170803943627e-03
1.026388936333687274e-03
1.094206422484558100e-03
9.814275103166465730e-04
1.094404352838952710e-03
9.479997807398665710e-04
1.004815814947900010e-03
1.086993482978346193e-03
1.134897180579238357e-03
9.960786883604494379e-04
8.704241902983272938e-04
1.027976178704880644e-03
8.792335027325952346e-04
9.900804703605950441e-04
8.401773310094465264e-04
8.850809358554555251e-04
1.005633176601721662e-03
8.935689853390785253e-04
9.198871084773810325e-04
9.737621428471815443e-04
8.701407430477328675e-04
8.821198326829163272e-04
8.986237494919245561e-04
7.650697973807969732e-04
1.002706398555781170e-03
8.968895846640373426e-04
9.925150632657878114e-04
9.390349127224306702e-04
8.933908073136612171e-04
1.075124590487898379e-03
9.156634657124726462e-04
8.720443856771523117e-04
9.749262889273205279e-04
9.421362002763021548e-04
8.871230139825964089e-04
7.356377318435206036e-04
8.394224637770890396e-04
1.007540706850579282e-03
8.172786963297762330e-04
7.861091710325944504e-04
8.708221039948060849e-04
7.339712990829388994e-04
9.056967310783307912e-04
7.866756027515367511e-04
8.036493299663598211e-04
8.579473141312222995e-04
7.765828566743543382e-04
8.267639091977911636e-04
8.692665002899210847e-04
8.370171410834528758e-04
9.079820124733573028e-04
7.931050754889298893e-04
7.511696072077800324e-04
1.000449203571965318e-03
7.413208123196735055e-04
8.191644643903046863e-04
7.858428301831844875e-04
1.005657160461661398e-03
8.788191063863921848e-04
8.498948405627863856e-04
8.915648925784877554e-04
7.433043499252625641e-04
8.352794588929110531e-04
8.105859126274241044e-04
7.625217468240907959e-04
8.617074757443880795e-04
9.088938006922807344e-04
8.283281491191438195e-04
7.603590045241262474e-04
8.853227823207715508e-04
8.122972881672470280e-04
8.184800426490924929e-04
7.359966685487502602e-04
7.312093796745869345e-04
7.513079954983847841e-04
8.057467118101797887e-04
7.794117378584972111e-04
8.474991688380943688e-04
6.868032090986513072e-04
6.428584658696445686e-04
8.310711663300426877e-04
8.122805789420872724e-04
9.712516067173770917e-04
9.128802122295998078e-04
8.575567294045946531e-04
8.258676788048154027e-04
1.030466013297381273e-03
8.727809234324729326e-04
8.600086189742978116e-04
8.470774675617409599e-04
8.425760224194736581e-04
7.795793760127719962e-04
6.522236410779931604e-04
7.894925724773980968e-04
8.433601816353573921e-04
7.289680526750032252e-04
8.289283410340964053e-04
6.738250905718098926e-04
8.028567049115052645e-04
6.804722730009531151e-04
7.275911209651160505e-04
7.212872095323195898e-04
8.488414297303584211e-04
6.639590296614837628e-04
8.670600938508049582e-04
7.505949373407018455e-04
7.268798087444738876e-04
7.227938670401716503e-04
9.019559289651646328e-04
7.917057472560037890e-04
7.964587496183950233e-04
7.636464001907726507e-04
7.592366523335343509e-04
9.141747674501141119e-04
7.567906544033442540e-04
7.148615545871997434e-04
7.442520124553431149e-04
7.382825179516397385e-04
7.608203293344786844e-04
7.305767781293458218e-04
8.253848013352743651e-04
6.453076485438830057e-04
7.000128593622513551e-04
5.705322188011494045e-04
8.215012765610402168e-04
7.430222948874229405e-04
8.328980335989971673e-04
6.416711932441948596e-04
6.690531928250052773e-04
5.956887588656964438e-04
6.239211546667858266e-04
7.790836284355777408e-04
8.770245950766794585e-04
6.906042374974254161e-04
6.337756062578664418e-04
8.983655206741616994e-04
8.304363329780621583e-04
7.949107734110429091e-04
6.037034393482874906e-04
6.640853922488532124e-04
7.243822684592955696e-04
6.921444700193693511e-04
6.978972031333532944e-04
6.569535955934305282e-04
6.697622983808486363e-04
6.677597758496488234e-04
7.485339003994000151e-04
5.678088882169543550e-04
6.121003312403242025e-04
7.515041034698577427e-04
6.960838846240650912e-04
6.747551489451435180e-04
7.028516284653466006e-04
7.849548600915197405e-04
6.038018394730858274e-04
5.638773447325350074e-04
6.463926635852726421e-04
4.168573324193021457e-03
3.235225814331801203e-03
2.674482524751702756e-03
2.556380585963479585e-03
2.324039243476964250e-03
1.939873722194493388e-03
2.061666267918482731e-03
1.982575172242307532e-03
1.916401702195806578e-03
1.606835990673349812e-03
1.557674714904550700e-03
1.757150454267032702e-03
1.730603840151966055e-03
1.528068101607944762e-03
1.720120554234455534e-03
1.660439747958326884e-03
1.616303302208063619e-03
1.543357697464636802e-03
1.710139015182660094e-03
1.514761010639749383e-03
1.197010444296965626e-03
1.347899131439803111e-03
1.351930050707821074e-03
1.481821913428122556e-03
1.261115004672082318e-03
1.231824926014847554e-03
1.278778563019635633e-03
1.046411196850151326e-03
1.004160960009856801e-03
1.115663065244038715e-03
1.122079020603058974e-03
1.249511049880250996e-03
1.073139782256576219e-03
9.197969116080013940e-04
1.160142402397906086e-03
9.147743224848167709e-04
9.757498436026648680e-04
9.677868233570162404e-04
1.014126855003714273e-03
9.280698186252545057e-04
1.007860681469765346e-03
9.372870260821938859e-04
1.101135483895065992e-03
1.004346559015257406e-03
8.717648792448892681e-04
9.740476023536240313e-04
9.936991893137146759e-04
1.125518744891904066e-03
1.093029877684753570e-03
9.231927072805949652e-04
8.342153823854454864e-04
9.927220997277032277e-04
8.929581557258793600e-04
9.002851774323229750e-04
8.272953752137303385e-04
1.095400965149494893e-03
1.021998733466741860e-03
1.002976722129862025e-03
1.030114510252297388e-03
9.831879487736498724e-04
8.328994793728276835e-04
7.335920307924466421e-04
9.871963885689574725e-04
9.074363799875043157e-04
7.462993174993694245e-04
1.004066988306996644e-03
9.637490915847327089e-04
1.006366141067718128e-03
9.779020742440580616e-04
9.394663638083375345e-04
8.782492839858567490e-04
9.042869284013113629e-04
8.357803908982143481e-04
8.980509264663316671e-04
9.371992800522380151e-04
9.079903540616350577e-04
8.936305624492740796e-04
7.283631124943984458e-04
9.128202124904817583e-04
9.225936353377886534e-04
7.222650230971558449e-04
9.280323788045073685e-04
1.048859990033616796e-03
9.021315590337225521e-04
8.834137081297557814e-04
1.041043118781150023e-03
8.610197883998534085e-04
8.112456365522054125e-04
8.748948555953248163e-04
9.095184619777388346e-04
9.345349290989547753e-04
9.014909900719840496e-04
9.068349996649537059e-04
8.144285320185774835e-04
8.946928792684799570e-04
8.914205768914690298e-04
8.914131278341813625e-04
8.535913597150432408e-04
9.173308658255788228e-04
9.001126634295975038e-04
8.487298689812648733e-04
7.543455674276777767e-04
9.734179720585663109e-04
7.185838124694893247e-04
8.087771163096668658e-04
1.016073057784235012e-03
8.740981998862293323e-04
7.701942683109481991e-04
9.357509325707003001e-04
9.409126075993270999e-04
8.672152258095630617e-04
7.567124517877596435e-04
6.935025194737924614e-04
7.382853852363861769e-04
8.992182616195318334e-04
7.005586470497614238e-04
8.398673960257826976e-04
7.868626189655794634e-04
7.428761417051996108e-04
7.973221795563173453e-04
7.414907608003368233e-04
6.242287932741695522e-04
9.038713004703990972e-04
9.951465222508767972e-04
7.132244902776085915e-04
8.183837111020060562e-04
8.910074665103781544e-04
7.136096522494840555e-04
8.725609331487402254e-04
8.554731126791254026e-04
8.691695025657766860e-04
7.552680336032034647e-04
9.279667498976323925e-04
6.916929572756275180e-04
8.568358821037409812e-04
7.380499443421680017e-04
7.159039739312311745e-04
7.354015945659625464e-04
8.915322840774772550e-04
8.284460516256968166e-04
7.780063686034094372e-04
6.457091206938138372e-04
7.045812974623803793e-04
7.356349450206439711e-04
7.556926915087171237e-04
8.673775996300772673e-04
8.352421401459711459e-04
8.488842425953477266e-04
8.033335011873241061e-04
8.104221056470239937e-04
7.066317667054310137e-04
8.416989076275339932e-04
6.951855148240454474e-04
7.746667925223327256e-04
7.459417393154803289e-04
7.567250656288042332e-04
6.065834894767481444e-04
6.342613701580263053e-04
7.676647933792003775e-04
6.701718971026948690e-04
6.992369028458247926e-04
7.800233846960297202e-04
6.462675738383785728e-04
7.302584039633915058e-04
7.681266888815846405e-04
6.307119312168978087e-04
7.751217396777046464e-04
8.899555642488121698e-04
7.101783279918859326e-04
7.349038515344803735e-04
8.545579109744509683e-04
7.551348568308538511e-04
7.792646315829890313e-04
5.943494779256201788e-04
7.316818888550187527e-04
6.640271656884536022e-04
8.912581894931943804e-04
7.261999631890045381e-04
9.658321340513427444e-04
5.727229414262922924e-04
7.464873083999484793e-04
6.829811999979826243e-04
7.005133586031227211e-04
5.795324040627700124e-04
6.997638941328848672e-04
7.284066287819301877e-04
6.567347948971992422e-04
8.043275609218338007e-04
8.884342450630952626e-04
8.211261579672418653e-04
6.934216134505573337e-04
7.863039096906131176e-04
5.524477201982354313e-04
7.303374004596872859e-04
7.849704801872123272e-04
6.590395682254182597e-04
7.678910153381054982e-04
9.616131690327531234e-04
7.777888447989822485e-04
7.667834807065891656e-04
5.727077836267323308e-03
3.923825297229632109e-03
2.815135487180292495e-03
2.258595107043261802e-03
1.945140414388750461e-03
2.306934879372463804e-03
2.066524484825825458e-03
1.527311912139985017e-03
1.531217531191755160e-03
1.448053178972719818e-03
1.497781200186374534e-03
1.567315861905900498e-03
1.564486167043244169e-03
1.445604211160227831e-03
1.457705953946411559e-03
1.383823572922222855e-03
1.405083642196661847e-03
1.426398867097493361e-03
1.449730221735882896e-03
1.383873129993540979e-03
1.370694561049119048e-03
1.107938715313134398e-03
1.200145072275046743e-03
1.173256835877944243e-03
1.287743943174643468e-03
1.149782238421576119e-03
1.113403898320309421e-03
1.136045611906041919e-03
1.163195328240249765e-03
1.070880822897624790e-03
1.129801800317402349e-03
1.045658805951279330e-03
1.014578470303392072e-03
1.055337538447907730e-03
1.052444545753521837e-03
9.797637680213910905e-04
8.859845088547112224e-04
8.230176137160594152e-04
8.846213577143532958e-04
1.016576281908078416e-03
8.762593736986179493e-04
9.716178925845836423e-04
9.148360747670836179e-04
8.899083582570785356e-04
7.242917701919711349e-04
9.359145172488335385e-04
8.886905233788829073e-04
8.302957934058184664e-04
7.678890371686612759e-04
8.443109360855190204e-04
9.464849755670724785e-04
9.029120067638798930e-04
8.574731130697454962e-04
8.012868904871267572e-04
7.710805574113015204e-04
8.749906099526465197e-04
7.991422491131147665e-04
8.698972749814209982e-04
6.666256090476600782e-04
9.214870394563326461e-04
7.504686596572079926e-04
8.036670814007551567e-04
9.117333483883612033e-04
7.900488050559158204e-04
7.698793541243593996e-04
8.749096804284151041e-04
7.987425489417755708e-04
8.079773974608711606e-04
8.079935628949111437e-04
6.540524927986894610e-04
8.272565517127052070e-04
7.067090363096148464e-04
7.514517423269952145e-04
8.087120912797923777e-04
8.210929057865523628e-04
7.599981055057582202e-04
8.432692432576299746e-04
7.425760901102543277e-04
7.203762002348061688e-04
8.326149357412368501e-04
7.282354997144822872e-04
6.143521375782008687e-04
6.412630388716381025e-04
6.898993049711150960e-04
9.231171856933888253e-04
6.630530745048920926e-04
7.671480739631225676e-04
7.251076951552033745e-04
7.739254005094120537e-04
8.745158289646566552e-04
7.339390406911339149e-04
6.980120821229243711e-04
7.479933267363451932e-04
7.507105918804213296e-04
7.927456471475413657e-04
1.022734710584484452e-03
6.708940359135273646e-04
8.764434416440418374e-04
8.417894585067836610e-04
8.332101895015472937e-04
7.866738591770852662e-04
6.425364257297352943e-04
6.383606312345344036e-04
9.038055279770654260e-04
6.997156725375812403e-04
6.916684859749402947e-04
7.621328931540043150e-04
8.085005573226777820e-04
6.360497245652685372e-04
7.401354830427024634e-04
9.403922588792981707e-04
7.563977039592752194e-04
7.426944323005758852e-04
9.038950717835669835e-04
7.421472950328092399e-04
8.459530115675420459e-04
8.204065260295941020e-04
7.598054816066734940e-04
9.234232661439363554e-04
7.452931326087652852e-04
8.559268679047306316e-04
6.412007550077314377e-04
7.260589747032641927e-04
6.914365982438712421e-04
6.875950871493528849e-04
7.982116358634869235e-04
7.117811770661862381e-04
9.572846494557522845e-04
6.705181242115318407e-04
7.801328390232460663e-04
8.178737610276889947e-04
6.434499158326431600e-04
6.709552557752213042e-04
6.927556981088309196e-04
7.445404138142694417e-04
8.330246881485189880e-04
7.890964600378094773e-04
6.569446659868381777e-04
7.907571549064656979e-04
7.391572527902720569e-04
7.333385046723213396e-04
6.018654645244640722e-04
5.984077030258584673e-04
7.591079090652416705e-04
7.011579019300523408e-04
7.498828000127299998e-04
5.318024476127294897e-04
7.066288692204152067e-04
5.787938128730650555e-04
5.622641169609268741e-04
7.494627761451370940e-04
6.505808662118396646e-04
5.955162709445627200e-04
6.003206827644574917e-04
7.273689975985098144e-04
8.480195332923670670e-04
6.865502324025496428e-04
8.380898013970392024e-04
8.173031845589880107e-04
7.783324005234439069e-04
6.614591087080873288e-04
6.281308650302741547e-04
7.340623783559374615e-04
6.167115910936660228e-04
7.246201850873330852e-04
6.023819168209793018e-04
7.029703240195028791e-04
5.902132256880958383e-04
7.319961673537232760e-04
7.295568757967503537e-04
5.679367982535168946e-04
7.179212034269730203e-04
6.814112432597871361e-04
7.348163420320720507e-04
7.587447981636137595e-04
7.965010941555772384e-04
7.967985343698066880e-04
6.764417672413328142e-04
7.632753337172074048e-04
7.326218447594005923e-04
5.925769503776837088e-04
6.188236998643202591e-04
6.547500103194631160e-04
7.618968727948864650e-04
6.400278971804528039e-04
8.623525085004225821e-04
6.605347167850869616e-04
6.591709206122883802e-04
8.101350268118027997e-04
5.865723711357094527e-04
6.299348280533051403e-04
6.688139672797153990e-04
7.216060480933240984e-04
7.499767124633793802e-04
7.391486952821567369e-04
7.135360015783215326e-04
8.599002711102178564e-04
6.324199893892358537e-04
6.477408480275656522e-04
5.964420087304599105e-04
6.629597996946800381e-03
4.341521787479943328e-03
3.740008168418827023e-03
2.948617969668259481e-03
2.106910983676674870e-03
2.241672184171438625e-03
1.835033871061136218e-03
1.852184145166444612e-03
1.473438987130787359e-03
1.787318902479510807e-03
1.467482168697669537e-03
1.376758594306141253e-03
1.436152874538312862e-03
1.315071006916235935e-03
1.490937318398458111e-03
1.275067241421314751e-03
1.379264184507643376e-03
1.536711862979118354e-03
1.174113776211599403e-03
1.171721045989622401e-03
1.171400296741662017e-03
1.169134658369892082e-03
1.284383585178412723e-03
1.128691765816387110e-03
1.426511626754320416e-03
9.613509678828187355e-04
1.243756094955049407e-03
1.017262867141783406e-03
1.044501125599579111e-03
1.206474340695637415e-03
1.143720205444259674e-03
1.073092766651764091e-03
1.237230171531256834e-03
1.027313494132708893e-03
1.055491008206368292e-03
1.136984345159599424e-03
1.163253485930361431e-03
1.060566677785385742e-03
1.079715711737316841e-03
1.077144223285798202e-03
1.070822418607775967e-03
1.165827842957784660e-03
1.001687395486526577e-03
1.226358925526034593e-03
1.314113689042273325e-03
1.106043793509273176e-03
1.040811760741330166e-03
1.041721353015497703e-03
1.061199575465378991e-03
1.061874050967359651e-03
9.239958999338465651e-04
1.064551635502196392e-03
9.543868282418793703e-04
1.220326425179857344e-03
1.208908852451263949e-03
9.748442075393701223e-04
1.181346917453519191e-03
1.136533196907183602e-03
1.193451021107235638e-03
1.204804388178451480e-03
1.019822174843379448e-03
9.979434866201342125e-04
1.127937393055514215e-03
9.867932544715789234e-04
1.096801850755928925e-03
9.858493774631410522e-04
1.056071502721883659e-03
1.042865366475395628e-03
8.291738639299682523e-04
8.774525091510415598e-04
9.303026017894906741e-04
9.186874930479163592e-04
9.754792819396708448e-04
9.793567466305566627e-04
1.095792802969852014e-03
8.480263738253820960e-04
9.798531099241940268e-04
1.205437105986483654e-03
8.491831438170900637e-04
9.446647646909785145e-04
1.034067840439117231e-03
9.992769158697345500e-04
1.079313404118209530e-03
9.418303220446108681e-04
1.044103446803675006e-03
9.645273485133602775e-04
8.911359473180689716e-04
8.257031409239050379e-04
8.923542856780486421e-04
8.743205213521329511e-04
9.176370390373139729e-04
1.011331890211006335e-03
8.991453257890212603e-04
9.126439149501203163e-04
8.608744031140813657e-04
9.015815541205153549e-04
8.446644589389720736e-04
8.341993835883909636e-04
9.090430293445944665e-04
8.868142729019090620e-04
9.010012161193986513e-04
7.703820139095575448e-04
9.873128149968900258e-04
8.672978102120081079e-04
9.231772191703388475e-04
8.662589007124681106e-04
8.583083699783278231e-04
8.135398568415788678e-04
8.564338624840461822e-04
8.213231063233586426e-04
8.340937791926524014e-04
8.420861426444783970e-04
8.046561089126574862e-04
1.040441120167996669e-03
8.224859639437004377e-04
9.183317193758172570e-04
8.650328147455227379e-04
1.029512861411369107e-03
7.595502746316276643e-04
9.930817663486475599e-04
7.740787790947861735e-04
8.836134439667228668e-04
8.395602642716944175e-04
8.523675413022700764e-04
7.897823532990663753e-04
7.318952955805840821e-04
7.400745618522733271e-04
8.961257212577455888e-04
7.523498388281486815e-04
7.972050053450356610e-04
7.662301697119004718e-04
7.980707377537241132e-04
8.825495199896692122e-04
7.756391627459224836e-04
8.788190040859220065e-04
7.176451195144255280e-04
9.900678795609872684e-04
7.199828112887073084e-04
7.683673364524724880e-04
8.341005559061344388e-04
7.125959577001794720e-04
7.305899228167364590e-04
8.101826955048199719e-04
8.150952119213850100e-04
7.506626046204917246e-04
8.291302938123051858e-04
7.728321356564663014e-04
8.139036994242211664e-04
7.280755382446171819e-04
9.758555711013999767e-04
6.958661442131273966e-04
8.700951138190561596e-04
7.128357524598255557e-04
7.543247110451956061e-04
8.160580833671444989e-04
8.620703815721622587e-04
7.722580211666565941e-04
6.481067760655025156e-04
7.336325656308630150e-04
7.986628971598450089e-04
7.489131772510648766e-04
7.866623852217750901e-04
7.181917988195347935e-04
7.613553523670886503e-04
6.438035387511843732e-04
6.068676461337373096e-04
6.437868511874750288e-04
6.313951265701292503e-04
7.561362548009868678e-04
7.215451002935413527e-04
8.420614415686686338e-04
7.948732141995415446e-04
7.080509642257287739e-04
7.416259040263877000e-04
6.378310779511023321e-04
7.232633140130256821e-04
7.358937129098019891e-04
8.222754236128469729e-04
8.782169849205281875e-04
8.053357077127884511e-04
8.180751789556607589e-04
7.415625883431462007e-04
6.116202143198225250e-04
6.751212788886143401e-04
6.436166181092682625e-04
9.031520593143077535e-04
7.337455039857707084e-04
7.224255612490876333e-04
6.407356799152420790e-04
6.925272137801377625e-04
8.267300256530572822e-04
6.897202772520941161e-04
8.215480043194146875e-04
7.264833325241436268e-04
6.580058766013779925e-04
7.991411168013530519e-04
7.176765495238227044e-04
7.145017804158562691e-04
6.391772173433250825e-04
5.849915238957947849e-04
7.142346732493046191e-03
4.089238867423346940e-03
3.276165830547295155e-03
2.573442733393317000e-03
2.293947197913807912e-03
2.351843408683662595e-03
1.938677679731538178e-03
1.654077379549347138e-03
1.708679741121980900e-03
1.883310851351877035e-03
1.747806202962106509e-03
1.545727074997230860e-03
1.522362392947954751e-03
1.288379858107237264e-03
1.646957188494224678e-03
1.397279575084401509e-03
1.262538301740563640e-03
1.488413582027409837e-03
1.278806370470651071e-03
1.338005433962570490e-03
1.248561976438619658e-03
1.035071060561908174e-03
1.161309776501272262e-03
1.235792553201175287e-03
1.224881284999156800e-03
1.243275550985519645e-03
1.359411961136345465e-03
1.128876694291354454e-03
1.103195201668141778e-03
1.115825798020709386e-03
1.169328723588960312e-03
1.074244019980633708e-03
1.153599449734230703e-03
1.061401655295321489e-03
9.638695400957623949e-04
1.140626056003651856e-03
1.023932769496745804e-03
9.663951210703361494e-04
9.704705760385304303e-04
1.020539159854845501e-03
1.022517636695672444e-03
1.092291091885265464e-03
8.948629853254216893e-04
9.849286788810029947e-04
9.844454156617381269e-04
9.233767139909879185e-04
9.949360758296534046e-04
9.225358521168826320e-04
1.034766745988017350e-03
8.685100679534547841e-04
9.209688303339520765e-04
9.066725538981017241e-04
1.114357467567984178e-03
1.020986315422193341e-03
1.097574593634513540e-03
1.063526974565163347e-03
9.822939481950107576e-04
9.700839288103758895e-04
8.241814699133168109e-04
9.252445311092941105e-04
9.003494465783246081e-04
8.881905484447102928e-04
9.639356434278725794e-04
8.803051153044409716e-04
8.610405473029880685e-04
9.602363282192223626e-04
9.177519053898026968e-04
9.227726336425434717e-04
1.007766999530888830e-03
9.407373711893055046e-04
8.432994692432749240e-04
9.246088720106342140e-04
8.184107315031760588e-04
1.058034584051549543e-03
9.671418992701248663e-04
9.173107695195706346e-04
1.033688260349982513e-03
9.159228002836826421e-04
9.695566791971740872e-04
1.005550478579430446e-03
8.823726480603824585e-04
8.971122392583130711e-04
7.524968424314180948e-04
9.134406402542954995e-04
9.347639707063676306e-04
8.701380302161415559e-04
8.088376798014822178e-04
1.008824169893274975e-03
8.933768045777217004e-04
1.037541714499708861e-03
9.063222788443167643e-04
7.616595022714722774e-04
8.609457736875672507e-04
9.386609875660784086e-04
8.002716713610587285e-04
9.620314236226147619e-04
8.499840081747783715e-04
8.491917655764104345e-04
8.447409509025997909e-04
9.382704380161560609e-04
8.030862168399502399e-04
8.041450155867185812e-04
8.938988361066879662e-04
8.051769895495615448e-04
9.779825391983756888e-04
9.192054879414920943e-04
9.002425789870344142e-04
9.598499912190638916e-04
8.023320577126014097e-04
1.039905610496476979e-03
8.145120087768298323e-04
8.027682220490099663e-04
8.257789538878602953e-04
9.226977871544840559e-04
7.844088757742659346e-04
9.085864238118253333e-04
7.522664433305265019e-04
8.327025819611262591e-04
1.021499276143117418e-03
8.898392492708157020e-04
8.147197581399867605e-04
9.421401725863837173e-04
8.409286963326906283e-04
7.087172774734029623e-04
6.905874272354478594e-04
8.798971400285383881e-04
9.135736429207313991e-04
8.234890678130261932e-04
9.035188364465568389e-04
8.632960641963074999e-04
8.082871704397469326e-04
8.822791154471446018e-04
7.660272502882092827e-04
8.504416757322344478e-04
7.950217415380704533e-04
7.466535788232739335e-04
6.382755139874539407e-04
8.722453144752208287e-04
8.290602560114684882e-04
6.682891411360185330e-04
7.423644454854043395e-04
6.884474280293637061e-04
7.427895925737545979e-04
7.984181892051467333e-04
8.030623304081073444e-04
7.902804762346220258e-04
7.645445328103191163e-04
8.715578501286465329e-04
7.933563435258209062e-04
7.084293699483185103e-04
8.072299080499993618e-04
9.291527224301460164e-04
7.809400530603902157e-04
7.714825472259038974e-04
7.813571753702563960e-04
7.900516738862592425e-04
8.085566534045927900e-04
8.915874361451713026e-04
6.694487950477216731e-04
6.728602336949392193e-04
7.673155342898078934e-04
8.139240107410822267e-04
6.960958026584335157e-04
6.985785711766286099e-04
7.466262468409888553e-04
6.809688266304243787e-04
7.488861175318495267e-04
6.359549392355168251e-04
7.047401333850032701e-04
7.055155411014868427e-04
8.487693649920080574e-04
6.967480687620625224e-04
6.843824032101535060e-04
7.161905179975634750e-04
7.052773058476048684e-04
8.375719979031061302e-04
7.459267700394289768e-04
7.138198421860510179e-04
7.623147032470994899e-04
7.771232596697208450e-04
7.407512235241588139e-04
6.980639622598296123e-04
8.590601261089687857e-04
7.205947814973613641e-04
7.017862270373084743e-04
6.716746344481890063e-04
7.685140522638161942e-04
7.680630274122489387e-04
5.516715411621048171e-04
6.746701765662672934e-04
7.043386152589953264e-04
7.064346212795578894e-04
6.833047324594637706e-04
7.496273987003775063e-04
6.635806832448951087e-04
6.620504961188725113e-04
5.818238735912327486e-04
8.653456048646479548e-04
6.724912502803319370e-04
8.462587272525107229e-04
5.402604137203646101e-03
3.156974688629153591e-03
2.617197346090890248e-03
2.157117849597274539e-03
1.766654609084081229e-03
1.848859860519927456e-03
1.610107091197070239e-03
1.440678892141132594e-03
1.662868622156480486e-03
1.410431643445932137e-03
1.288946441461012726e-03
1.323174364576351625e-03
1.140948301875291393e-03
1.190049450414374516e-03
1.088800176189477081e-03
1.016637086796619294e-03
9.519376497012996263e-04
9.367746857336274602e-04
9.431057720641032593e-04
9.268883620586719496e-04
1.122923480225537785e-03
9.165267406570330733e-04
9.356579811261728219e-04
8.692117082573155851e-04
8.922467262690476908e-04
8.147291695846936577e-04
1.138981985132521413e-03
6.862565701292941411e-04
7.147506536992094539e-04
8.919721915157559355e-04
9.479541951685523105e-04
7.746768785981579530e-04
9.670352971858989233e-04
8.855245395088182092e-04
7.294448686776533464e-04
7.340224718448105923e-04
8.475542633089583333e-04
8.736326971879454506e-04
7.298869613531350220e-04
6.870288165425585125e-04
7.103940382169743328e-04
8.512892350565452737e-04
6.357302388116069236e-04
7.672781405074907690e-04
6.610207392141499716e-04
8.455516771779802987e-04
7.491124336173847487e-04
7.233531167976162135e-04
7.296737730077343387e-04
6.055538049026115699e-04
6.191053789525585715e-04
8.807941891044238081e-04
6.595359361395054798e-04
6.837989831556950948e-04
8.787293491270310730e-04
6.997165069795793779e-04
7.775618351582407051e-04
6.960331531460604848e-04
7.326986436835547511e-04
7.345789271729907810e-04
7.698981976764669721e-04
6.471885634200084947e-04
6.746909299516941350e-04
5.947592938487164527e-04
6.423399299984727806e-04
7.905897935600175730e-04
8.838962240249256808e-04
6.695300117804808826e-04
6.594799977185407391e-04
7.355383558776303066e-04
6.610886091911530316e-04
5.833728565223933460e-04
7.295942999518481575e-04
5.799484063725851568e-04
6.749559771198690439e-04
7.601719563917960776e-04
6.953022533715304265e-04
7.177343197319295542e-04
5.393829743978971469e-04
6.250140936416397064e-04
6.086426019877473614e-04
6.411129638996225510e-04
7.123564445074316576e-04
6.137787705908261116e-04
6.602204208402094598e-04
6.138928727487807935e-04
6.499702299018021712e-04
6.276053480387330796e-04
5.268480604929508260e-04
5.945679599118243452e-04
5.562795528737049522e-04
6.487847718579901890e-04
6.154039154911694620e-04
6.613849590963206959e-04
6.021103177164636999e-04
5.960552657385299880e-04
6.314546298730391860e-04
5.861353630061717779e-04
6.363724360187242302e-04
6.559420781195694772e-04
5.827985910091398880e-04
6.371034070226169743e-04
6.319687875031426705e-04
6.332365824915434094e-04
5.644566329989636477e-04
6.194581570666858605e-04
6.838318126744305503e-04
5.558295004034277675e-04
6.242138352024646786e-04
6.478668667417829263e-04
6.115608868945549004e-04
5.949562233661456756e-04
6.900479886736247959e-04
6.646461076545533142e-04
7.421278812295567517e-04
6.031798856532613606e-04
4.805304468868260015e-04
7.187164147923336133e-04
5.566247303560069304e-04
5.393839457372914814e-04
5.990304582943195566e-04
5.674126632022012673e-04
6.143757373296664104e-04
6.118225392661193196e-04
6.542056648430917554e-04
6.158706407441254249e-04
4.763938652918853212e-04
5.500014604092745563e-04
5.391331279590606818e-04
6.560632936796068071e-04
6.384053385384662327e-04
5.252113307350030069e-04
5.758868126167493440e-04
5.569767874753564496e-04
5.735631460039684881e-04
6.976865397089124232e-04
5.408940296409980864e-04
6.023039592095505435e-04
5.371626019722679224e-04
4.435739868722671231e-04
5.041088122756734458e-04
5.263883128751346840e-04
6.312661586026294125e-04
5.327671315568174859e-04
3.938843273280159818e-04
6.133592042702924740e-04
5.275612456112840909e-04
4.949630921473012479e-04
4.451326998276480817e-04
4.711501277059396142e-04
4.813310500937327541e-04
4.700889931119438259e-04
6.532573719239126442e-04
5.854042253494139147e-04
6.275599553777697071e-04
7.682036214395997209e-04
6.902945632866752668e-04
7.626145242060240748e-04
5.964923249026816976e-04
4.093926198607440725e-04
5.301778020804261138e-04
5.495022969020102455e-04
7.666005214603775764e-04
5.533176087952965116e-04
4.938917809098088141e-04
5.727628866256696816e-04
5.108300092388426417e-04
5.477078544989869013e-04
5.814491391820594823e-04
5.650859261736237982e-04
6.572192077401277366e-04
6.594103044511197276e-04
4.443663833322113177e-04
5.282834269232684898e-04
6.127653579351410862e-04
5.722863058959179461e-04
4.818694230845077531e-04
4.910904479713436299e-04
4.741995674149013240e-04
5.549539311740098180e-04
4.617761537356324109e-04
4.181369714625383927e-04
5.950261940131824911e-04
4.962935615374398923e-04
6.245386742987635298e-04
5.287509209267841903e-04
4.145615653918244270e-04
5.210687255881030211e-04
5.412364610886226390e-04
6.025106054274621814e-04
5.857227493662291173e-04
5.027021001420758917e-04
4.912367880207796356e-04
5.590225088931213837e-04
5.583359644529585497e-04
5.813715670278142567e-04
5.305066978102852826e-04
5.751418692264906318e-04
5.260743338866384622e-04
5.117972918521097869e-04
4.391580574023268985e-03
2.782840197361500373e-03
2.224344961345478544e-03
1.727226925461296247e-03
2.034569785944503884e-03
1.984855406457743110e-03
1.666250548274492843e-03
1.465305967413010890e-03
1.495255965038855273e-03
1.321050649729781090e-03
1.675282398701221503e-03
1.277455289756944390e-03
1.400222411922225074e-03
1.240573652629708978e-03
1.335641288024463913e-03
1.117257201521761056e-03
1.247555371537905494e-03
1.320316448852675711e-03
1.121964307013348372e-03
9.988556056094964608e-04
1.151300090645304697e-03
1.058513427140517910e-03
1.042063853529152928e-03
9.638377887800954336e-04
9.424178835584287595e-04
9.635200603498352001e-04
1.053125142730149122e-03
9.619673739228590259e-04
9.870896108218514542e-04
9.278806991609503396e-04
9.989100527880261093e-04
8.501716768078253217e-04
8.514985273718779502e-04
9.568126777696334129e-04
7.983847861996011541e-04
7.921509422787256782e-04
9.059249095198645962e-04
9.919245717896624237e-04
7.808138906515299515e-04
9.078316474757236465e-04
9.387490900804526528e-04
9.367606562982813689e-04
8.182368637112136245e-04
8.010351124345636842e-04
8.175718253821372128e-04
7.946183075192535250e-04
8.264347075335673476e-04
8.610817587769714621e-04
9.053097004721941121e-04
8.607804628099277600e-04
7.969561354516929708e-04
8.322653865965520814e-04
8.045722881044811703e-04
9.249649729071406090e-04
8.300536051941559412e-04
8.906241625232166892e-04
8.890651216620568120e-04
7.247868217650048350e-04
1.017280368707344784e-03
7.842133596273129226e-04
8.814758085928242615e-04
8.916911791674690668e-04
7.649919451067077603e-04
8.509065052486747271e-04
7.949831706413786059e-04
8.509421714313278318e-04
7.286281048505920122e-04
8.483549626531090848e-04
7.384589908467839581e-04
7.018287377899765089e-04
8.855358164613531813e-04
8.139634942714614463e-04
9.274464147227476363e-04
7.322064690057500380e-04
8.502542951884448086e-04
6.255174152034297108e-04
8.027150417608125421e-04
9.172784116026205803e-04
7.187463632602024421e-04
7.690089835778735061e-04
7.168784657540505645e-04
8.065056575348103496e-04
7.962090331792431863e-04
7.587500297615290545e-04
7.480547144607385679e-04
7.599615087589342566e-04
7.774794931485473626e-04
8.293692326896626166e-04
7.804434120298048283e-04
7.061859165571858499e-04
1.010941257887053302e-03
7.799711541336684650e-04
9.436368885290015440e-04
9.231402039052219455e-04
6.368643398674336820e-04
6.164057710522259648e-04
7.766021492549742000e-04
6.961020163194601984e-04
8.218232286525857522e-04
7.920431526228233210e-04
7.956888485500523966e-04
8.237997636081940966e-04
7.693630220887565097e-04
7.354330459703739553e-04
7.885250161654977497e-04
5.847734913919828970e-04
6.972022695095024536e-04
8.721332326079959951e-04
6.880887204425492620e-04
7.399364937706251477e-04
8.202997696778423220e-04
7.626978039306751833e-04
6.373841153309751928e-04
6.798208813528980321e-04
7.166864869679601124e-04
7.409126835810422862e-04
8.209054417146789684e-04
7.696899457446358672e-04
7.434650548680740711e-04
8.654864445944050744e-04
6.728546445193307746e-04
7.215007964886319125e-04
8.189423668447590177e-04
6.450036235044198651e-04
6.528282630971701805e-04
7.362814826705234295e-04
6.651098584596858154e-04
8.374577856570600276e-04
6.751816813141894857e-04
6.120325357788711229e-04
7.290974947639881909e-04
6.726240368900987532e-04
6.540121320774139324e-04
8.413647638251635363e-04
8.055633785732582708e-04
7.804536968705581834e-04
6.366317049385020188e-04
6.604368849108671613e-04
7.815287472751654418e-04
6.508506101657735021e-04
7.672003549014129453e-04
7.663206893171979617e-04
7.663274214685586450e-04
8.007214574857618450e-04
7.598938059044102467e-04
5.723510768504830315e-04
8.023550686565919521e-04
7.615956818116248472e-04
7.719401509719524268e-04
7.657537306674788713e-04
8.118327338052754027e-04
6.746029225325606005e-04
6.320694782823536861e-04
7.823626313406897848e-04
6.960910076479268072e-04
8.916663005994612812e-04
6.815502744502884014e-04
8.410929983451893854e-04
7.661239920756096611e-04
7.092228256424734645e-04
6.544625419575011982e-04
6.892942599884370469e-04
8.032485644606790487e-04
6.733881631538277124e-04
6.931907687604439705e-04
6.419489919548583556e-04
8.396940145808974576e-04
6.912312728598844769e-04
7.037913331366628389e-04
6.624291454080909192e-04
7.106578319183293191e-04
6.479061679346941049e-04
8.510736511569833018e-04
6.483423030730316172e-04
7.304533603571874978e-04
7.178832831130181613e-04
7.177344641753416465e-04
6.130379453184384153e-04
7.402154908465047312e-04
6.166854874684948862e-04
7.999889847560837097e-04
7.684154042875111779e-04
7.632486002355255705e-04
8.445853019276618190e-04
6.576033611842418969e-04
7.777648366700043447e-04
7.301961683839966466e-04
6.150880107208753222e-04
6.794239031248858196e-04
7.459966225897042558e-04
7.698145422577566677e-04
6.319546555532094823e-04
6.483608194307113881e-04
7.972877539926502555e-04
7.054756029387584948e-04
6.519285308452388294e-04
7.187484068651647795e-04
8.112711785317125446e-04
7.745783137822793984e-04
8.013808234641067729e-04
