4.663761907972508586e-03
2.336040558027184522e-03
2.298055947387772635e-03
2.161208779636630828e-03
1.503958140140489175e-03
1.863369197398621890e-03
1.607426415389759389e-03
1.488017498278253192e-03
1.440740116835280415e-03
1.349747822583770296e-03
1.440360529209008117e-03
1.124376587646368914e-03
1.163626623388890058e-03
1.252113998461604205e-03
1.170435457737633439e-03
1.327270853974465981e-03
1.251630032031481737e-03
1.050921619226666270e-03
1.236922331195940139e-03
1.124276236523561595e-03
1.108052928205646021e-03
1.059660404029869052e-03
1.028745830005926148e-03
1.151916746625153420e-03
9.877385937435007035e-04
1.069622290623416933e-03
1.196168180302086687e-03
1.101234917876690866e-03
1.036067883149294905e-03
1.066884453486731388e-03
1.095480551893675963e-03
1.116703089944083571e-03
9.901312610781920487e-04
1.116463481285669135e-03
1.113284044913821769e-03
1.031224972158937409e-03
1.201975473866506022e-03
1.010665393487774483e-03
9.672432209444359330e-04
1.002773309477567043e-03
1.139550066608444046e-03
1.046527531946180034e-03
1.057733777700149008e-03
1.042592413410543817e-03
1.216452663440208831e-03
1.155088438377038090e-03
1.022470285303469367e-03
1.153020132580305501e-03
1.121576635437670361e-03
1.021949719423209668e-03
9.787350161442089080e-04
9.767485084649397964e-04
1.036571068325910921e-03
9.419315998059167583e-04
9.122209632432404236e-04
9.549203989509189028e-04
1.284170242712302790e-03
9.498573573292340422e-04
1.126909289463670638e-03
9.412722238952946074e-04
8.879289437700235710e-04
9.693215365518363658e-04
9.866771110363173336e-04
1.016144031464272235e-03
1.105020266228905201e-03
1.165053141674761428e-03
8.356086627290745805e-04
1.055321706156076011e-03
1.161436815864252958e-03
9.227859836436966279e-04
8.390860519869140777e-04
8.850093880899377596e-04
1.058984121169528198e-03
9.595069984685428155e-04
8.129699146330882087e-04
9.049056631903230896e-04
9.452724974670125013e-04
8.370331434771859092e-04
8.622641799467013757e-04
9.693585803183003835e-04
9.332911546626847243e-04
9.725847405528294243e-04
1.063015099287068638e-03
9.606068950295046371e-04
9.956557461371293161e-04
8.333885479748781577e-04
8.923277062241746771e-04
9.912486667967637666e-04
9.846581497974724040e-04
1.043554477215630216e-03
8.656177940802971260e-04
8.755877239320641880e-04
9.205462779771529658e-04
9.720739786589840947e-04
8.392048980543215242e-04
9.567113446486107120e-04
9.893151098579570923e-04
8.792194362465463597e-04
8.672086131451782476e-04
8.914546472521475695e-04
9.202824762700907713e-04
1.021420721533505133e-03
9.019627267230351242e-04
8.878009720693358364e-04
8.523036166768922783e-04
9.800762596397713522e-04
8.838061537773493626e-04
1.032213918619771104e-03
1.189008718001940967e-03
8.248719864820605596e-04
7.930608725863035058e-04
8.712144759075793332e-04
9.147691148874044498e-04
9.463861063379770677e-04
9.426821431934226392e-04
8.789918860331660810e-04
1.021424880812825398e-03
8.545131489022562976e-04
9.514938220227669996e-04
8.384558960471133471e-04
9.546066781467889284e-04
9.403089703106312647e-04
9.278179809805858769e-04
9.472829046877004333e-04
9.885835519762679879e-04
7.868697912912468728e-04
9.131501571123766536e-04
9.380236379336395758e-04
9.651920415840349599e-04
7.656905535693460385e-04
9.257589358786649791e-04
9.188484590657644557e-04
8.204274443702717912e-04
8.834760736101641976e-04
9.730907659609606963e-04
9.258638408386858643e-04
8.813371533549774206e-04
8.912342714685744793e-04
9.199075456598274081e-04
9.980465948496927697e-04
1.066434806996953422e-03
8.567834673920485256e-04
8.201689901754793954e-04
9.324232716935755561e-04
9.776195330661353877e-04
7.876321566192938384e-04
8.913597363453158728e-04
8.651710244318086551e-04
8.364219093004755801e-04
7.378376751987700266e-04
7.311030344446869944e-04
8.164305919965177127e-04
7.668287613038331230e-04
7.638521317184232551e-04
9.575966621745007901e-04
8.915686389742195905e-04
8.515335319990331719e-04
7.419978611517517864e-04
8.601861143806982524e-04
9.953953656166927844e-04
8.234558137827710511e-04
7.990865122245865981e-04
8.705794615523655688e-04
8.610477019792943387e-04
9.307709169291099316e-04
7.873690435166343093e-04
7.862773170865255956e-04
7.236948553494861047e-04
9.611517421327792077e-04
8.135903529789129118e-04
8.189767547347528986e-04
9.534300050242985880e-04
8.650563619419342209e-04
8.348159358367961136e-04
9.455982557116070220e-04
8.568696521315498360e-04
8.607550845133905837e-04
8.919387729123019748e-04
8.479002475821097173e-04
7.896865787297563388e-04
8.042335473776619781e-04
7.121160990629718524e-04
9.635405583412366692e-04
8.316855758343580374e-04
8.095951813546602149e-04
7.317213936908484317e-04
7.309952736445184118e-04
8.398700104359051177e-04
7.763673917789253032e-04
8.443433114376439064e-04
7.494758340159494991e-04
9.052004931920237807e-04
7.553323522878387097e-04
7.455565069739260309e-04
7.753434349750676358e-04
8.389946831911590519e-04
8.823741232134099666e-04
8.382463410951182525e-04
7.694285194809018236e-04
8.072944798470926830e-04
4.131745160410128792e-03
2.601541252584688158e-03
2.216102495584400950e-03
2.210284594132517350e-03
1.928208928295094271e-03
1.658917418851293263e-03
1.603657308323822722e-03
1.535648749131864749e-03
1.746058114782747528e-03
1.886126422393649693e-03
1.518209748851032798e-03
1.324577327475120331e-03
1.476939153163738666e-03
1.497328273400249515e-03
1.319210295144746664e-03
1.285877440758698143e-03
1.261184971217042816e-03
1.405661475143982209e-03
1.327961536486194777e-03
1.365507447545693392e-03
1.254078074935927739e-03
1.390364718275010486e-03
1.145371576567917604e-03
1.368848033355130056e-03
1.113800065193362721e-03
1.445200605682709499e-03
1.160035783660886416e-03
1.135138669398280675e-03
1.308032817640931295e-03
1.176708737352115397e-03
1.237965250415411222e-03
1.242538941239310080e-03
1.143133368860679150e-03
1.136560371931476937e-03
1.169945504444578482e-03
1.143187958503377732e-03
1.397744348472604314e-03
1.102689005997671556e-03
1.098641022015796331e-03
1.065850603310575240e-03
1.241991386894267940e-03
1.290943971493038051e-03
1.076600517487154296e-03
1.025034419509400496e-03
1.153421709830265707e-03
8.999500128098296414e-04
9.828437794867569965e-04
9.536911379233008190e-04
9.347060816114784176e-04
1.041649963075576280e-03
1.009346727227408008e-03
1.054286129391353299e-03
9.461048474874965419e-04
9.231574364372031882e-04
9.683617195058030758e-04
9.965079147124245029e-04
9.496216155991631103e-04
1.060946251497427162e-03
9.985981590570347510e-04
9.682184942658017546e-04
8.469991192741090080e-04
9.755936577963801593e-04
8.326511423683881363e-04
8.841945846927538877e-04
9.779046500361654459e-04
9.665321992757720804e-04
8.111535769727215572e-04
7.839757479878410595e-04
1.025876789591026461e-03
1.075769842953315514e-03
9.681357219910313727e-04
9.654761891753071978e-04
9.329259862853114815e-04
9.210063440644664090e-04
1.036712375882077597e-03
8.754468430091297271e-04
9.669831731221080473e-04
9.643876026536393753e-04
9.799104565533858779e-04
8.710741246133260618e-04
8.876186944219675856e-04
1.059892376099127315e-03
8.010780540178598363e-04
9.416161942910825089e-04
7.955042940585056732e-04
8.453957460954272807e-04
6.921596335483989892e-04
9.185672155009524942e-04
1.132275617344163932e-03
9.866583551489879755e-04
7.596270555752203391e-04
9.982169055864839602e-04
9.256570767663813148e-04
9.846856671113651815e-04
9.329582115719034507e-04
8.814861270289055251e-04
8.691994481490536439e-04
8.059616880242564951e-04
9.370249245594375331e-04
8.514113099124219486e-04
9.448496373464509990e-04
1.018542258624438590e-03
8.912468873915023460e-04
9.614942129491238498e-04
8.597575699009832317e-04
9.059472893474876387e-04
9.107349832147976221e-04
8.282282580242029957e-04
7.368209549723746254e-04
8.284268928754577599e-04
8.610415688803559064e-04
8.432410407108459349e-04
7.772425523574454098e-04
7.349119055049153915e-04
8.527543833295181397e-04
7.568051842363685000e-04
7.699858190135175362e-04
7.569238187209344215e-04
8.504540492863393863e-04
7.477433568740879388e-04
7.482091923140254952e-04
7.933542475104735092e-04
8.956237445403338049e-04
8.636297502832047945e-04
9.191732455657054823e-04
8.900864986881376617e-04
9.476426977122788531e-04
8.045845228701921370e-04
8.603919815835976703e-04
8.255286659096666702e-04
9.153248572227670743e-04
8.897919547213688218e-04
7.509797425290440365e-04
8.795628777188008174e-04
7.624000486315916925e-04
8.332222077183266962e-04
8.852253706076000650e-04
1.026284827897273877e-03
8.316616757800023019e-04
8.767462660974646715e-04
8.358999768999231250e-04
7.932772609865607061e-04
9.458244918751426700e-04
8.502727813400716428e-04
8.496330770188381676e-04
8.627517760069272623e-04
9.619342674631499446e-04
8.343328428476355640e-04
6.933968165131441930e-04
7.704448147284534421e-04
7.680585515640048211e-04
8.906364125432462975e-04
7.694012933887398042e-04
7.320741184294529691e-04
8.203071081498355954e-04
8.660209353826796297e-04
8.673009753166725788e-04
7.853961601863024278e-04
8.499581953759910435e-04
7.622001497874196507e-04
7.953452216785603102e-04
1.025999323834063393e-03
7.189055423200176043e-04
8.512273940741547917e-04
9.027515616135545207e-04
7.596265537456042827e-04
8.767261309456861329e-04
7.133996340812527592e-04
8.402871649246732022e-04
7.648843705028857132e-04
8.593250262426584130e-04
7.830295009177840049e-04
8.560230112109462608e-04
6.913496127750641540e-04
6.301683300242409691e-04
7.489153781777037333e-04
7.796156915967043799e-04
6.029487853630062510e-04
7.866992409942437370e-04
8.991500953727006584e-04
7.652050316705148736e-04
8.191667853741126104e-04
6.365526179247377181e-04
6.774260966761168345e-04
8.058324708212494247e-04
7.967963677287977220e-04
7.471311293496436801e-04
6.699686582041126937e-04
6.558690225902247262e-04
6.765755441120666069e-04
7.343695640090151799e-04
6.742869684061361668e-04
6.939528306315230488e-04
6.265696894618595636e-04
6.852293634434618308e-04
7.328066610808453563e-04
6.624595376588313100e-04
7.542105029930447346e-04
6.871315298518226866e-04
6.574700420251787525e-04
