8.500727595684369475e-03
6.211050405659231111e-03
5.166673727069300698e-03
4.337383461796410350e-03
3.597765504829344291e-03
3.521588265840185777e-03
3.258337083908515591e-03
2.744891638494454528e-03
2.789456706083291715e-03
3.244504861322099198e-03
2.462739905445422012e-03
2.874136009389897939e-03
2.448353874040954531e-03
2.572990758111952381e-03
2.234974422168245489e-03
2.266296622776674957e-03
2.207035536952107330e-03
1.997342818901504807e-03
2.145858970686927158e-03
2.250990405295132113e-03
2.248957345985541645e-03
1.774535558889699105e-03
1.842747649003100008e-03
2.067311782088965266e-03
1.904294552847227151e-03
1.917283614582099283e-03
1.916712415104267903e-03
1.954592692867129777e-03
1.907593358403361639e-03
1.680647594034811315e-03
1.845225441440615649e-03
1.651417468461147120e-03
1.738870879120689439e-03
1.607792584910908151e-03
1.737624864377344119e-03
1.465367436693072734e-03
1.663231526751730166e-03
1.527311158247852269e-03
1.440337960585128668e-03
1.462912882756055993e-03
1.521583084264178931e-03
1.544206249095830125e-03
1.602691482640392767e-03
1.832167933560720913e-03
1.345675746309098891e-03
1.560498337286473497e-03
1.549817258280392074e-03
1.466101925774593306e-03
1.469954275515470560e-03
1.583509195358278471e-03
1.482602427511282850e-03
1.349274827025671170e-03
1.509626535588653312e-03
1.315678723089526436e-03
1.318371038763387071e-03
1.629147176772222788e-03
1.337846620845458551e-03
1.550056970140347573e-03
1.467147546763067356e-03
1.415646491188082834e-03
1.653963320171123602e-03
1.268101600047422117e-03
1.374845967701827931e-03
1.206536077321566924e-03
1.316833859468732187e-03
1.246257151333543534e-03
1.298228755611235269e-03
1.306671904232298981e-03
1.135004146269533165e-03
1.197937666697457271e-03
1.315834634323633651e-03
1.386204805026977627e-03
1.283321662369569377e-03
1.464573107530561108e-03
1.182861583985631015e-03
1.358964352400442860e-03
1.308666266339346407e-03
1.274271999219117601e-03
1.260209047852577785e-03
1.212381089245116728e-03
1.195098277932026692e-03
1.312463628577942992e-03
1.301489141313491582e-03
1.338804595572350847e-03
1.345267793221888164e-03
1.325596231831732696e-03
1.266013826155463345e-03
1.162913879450739457e-03
1.398857699597452764e-03
1.301423567350201010e-03
1.501742501096796356e-03
1.141557926603496698e-03
1.384634212280931587e-03
1.141591461396026380e-03
1.141913929242829862e-03
1.284995661133214728e-03
1.133162200046979040e-03
1.064534478640223603e-03
1.058855137831982846e-03
1.085318610433740061e-03
1.038629052263144448e-03
1.099492219483629712e-03
9.569067130821319600e-04
1.071176955650472024e-03
1.217862103015908415e-03
1.082664658551019815e-03
1.094439423009505030e-03
1.119583004197181181e-03
9.508164850777905963e-04
1.027214969841136472e-03
8.881351816679323996e-04
1.164053052752977296e-03
8.677584582616817976e-04
1.006945570931935818e-03
1.088525874173539021e-03
1.041254097056281552e-03
1.006446400349962633e-03
1.007489928997708922e-03
1.023156487076824078e-03
1.072024218952770391e-03
7.826871673630476922e-04
1.036975402715162309e-03
7.567040147162459873e-04
8.619796445659723416e-04
8.462171216849431743e-04
1.120019881001639572e-03
7.953925303042230777e-04
8.826105885894469649e-04
9.185925856411182588e-04
7.730505509592963675e-04
1.099341127226993037e-03
8.610413423165777513e-04
8.884390032376787705e-04
7.691550314892353635e-04
7.588411531160195456e-04
8.381622121162515815e-04
7.030899737449428089e-04
8.775200795013080035e-04
8.354526878278298319e-04
7.309774626012288667e-04
7.642064427703515461e-04
7.829738775175440479e-04
9.255802619121573926e-04
6.348344555941708156e-04
6.938777145753388664e-04
8.286130198331444208e-04
7.576673238262263133e-04
1.098851294904307219e-03
8.616530386967406752e-04
6.105476289818868862e-04
7.168568315953013914e-04
6.190104081730887775e-04
6.717150646042800710e-04
8.775406276634242775e-04
7.300605419535560747e-04
6.740965883540936399e-04
7.024526383420486020e-04
8.491916902740211104e-04
7.068028204192874919e-04
8.174520328778946132e-04
6.414155140034502600e-04
6.406695257275170363e-04
7.807142535656459714e-04
8.486876562227990695e-04
7.399684444879678358e-04
6.292275269160728379e-04
6.945184212186553130e-04
7.491044890272774426e-04
6.478361076791352979e-04
7.042291564560120010e-04
7.058572020668778257e-04
6.842208755494273709e-04
6.819641698079768888e-04
6.234329603353912230e-04
5.827082416167625456e-04
6.007052958767918061e-04
6.323551137485602935e-04
8.041502137319592181e-04
5.631480888088277736e-04
6.761522419677819251e-04
6.681104194990634959e-04
7.929000435911298661e-04
7.942135217670967529e-04
6.254099848803026940e-04
6.792017145506486220e-04
7.169697305266162224e-04
6.461296155129934993e-04
6.708872975923069193e-04
6.862450805712877466e-04
7.153844294825670302e-04
7.788192609477218031e-04
7.468116816169330374e-04
5.980336375823944173e-04
6.170056951329341843e-04
7.918870634533517472e-04
7.188322888772337438e-04
5.932611715812295683e-04
7.158813777648868892e-04
6.595106274475577568e-04
7.447084145536138344e-04
1.423437428976167055e-02
1.030911267135389137e-02
6.666536584907498120e-03
5.620540462538559795e-03
4.498785918675449885e-03
4.086358731846952835e-03
4.282567974498836805e-03
3.758497604840628503e-03
3.769391738527184260e-03
3.877448028213579395e-03
3.378271149863880385e-03
3.410759880828138912e-03
3.296451684265330750e-03
3.085355130763706849e-03
3.055233070221013980e-03
3.006525308826578369e-03
2.792207387058688595e-03
2.813117973035888369e-03
2.598677417888384245e-03
2.651434308706849402e-03
2.407834108155884612e-03
2.527720088227179696e-03
2.522787869016634987e-03
2.318315692306456566e-03
2.376411174061149323e-03
2.596526609696184207e-03
2.306986336807950039e-03
2.478200423692532295e-03
2.563325162541003205e-03
2.349246355908322925e-03
2.297536654084549740e-03
2.301194972571127262e-03
2.304543214069136592e-03
1.914388219160120114e-03
1.926971623620547108e-03
2.239487406974223493e-03
2.035249027804546251e-03
2.141660164903563118e-03
2.474186661123426584e-03
2.038889322710214780e-03
2.036953149266825663e-03
1.994030709834674481e-03
2.074848600432381562e-03
2.288549357060843531e-03
2.003805746356220746e-03
2.112985307766098581e-03
1.950539134638436950e-03
2.011577427528631057e-03
1.846545793584238038e-03
1.965983797261997013e-03
2.032137763135308250e-03
1.904352406173318718e-03
2.009101089516365790e-03
1.962384711955263150e-03
1.970314964076385483e-03
2.032246994341967844e-03
2.045404414577067786e-03
1.969932552956632499e-03
1.871218701221484537e-03
2.019992508697377592e-03
1.697748690880469813e-03
1.859927616068717676e-03
1.805608921764585012e-03
1.730202123731441888e-03
1.888312946876691267e-03
1.847528982694766897e-03
1.911106046778042467e-03
1.805877971361103534e-03
1.927814967988453199e-03
1.794935221866814090e-03
2.132394287324902715e-03
2.044932660121203533e-03
1.967911262180169207e-03
1.757469064406536746e-03
1.853874640009852554e-03
1.835804093297446066e-03
1.879958167802897595e-03
2.018201615434721263e-03
1.849135563427757589e-03
1.598701359086466406e-03
1.793068112686785343e-03
1.933498654137853767e-03
1.929335548784279208e-03
1.689187094591572402e-03
1.662149743582620742e-03
1.874683637058689040e-03
1.908882261743294340e-03
2.042047466519477522e-03
1.597828338847889773e-03
1.604292429877720444e-03
1.961878443998418126e-03
1.699597866986174433e-03
1.618534220632399101e-03
1.461056723522001499e-03
1.675969385982679222e-03
1.699717206190665131e-03
1.497334178038184360e-03
1.647904643677651493e-03
1.630188711575511484e-03
1.811262835333359023e-03
1.543427940621382860e-03
1.664037436348800997e-03
1.587652793806858947e-03
1.678538294737037112e-03
1.627974122319766209e-03
1.538172044692465851e-03
1.783164027574161981e-03
1.611380285354412772e-03
1.575105024233799250e-03
1.607740431242669910e-03
1.680337724065637806e-03
1.438320214075052700e-03
1.504380488172630398e-03
1.439572525819738519e-03
1.508221827362359740e-03
1.465315557850045691e-03
1.714282090647046425e-03
1.526780670419530805e-03
1.508108854690343864e-03
1.391761635520610135e-03
1.531511832180896399e-03
1.380045128980357527e-03
1.373428749349536737e-03
1.296870213453538145e-03
1.360237139983067056e-03
1.453827269216233925e-03
1.444115183872246577e-03
1.393134194261444470e-03
1.264515945964040516e-03
1.288459669890402309e-03
1.367709151763110698e-03
1.444315794874834191e-03
1.164602595946598318e-03
1.165808339969418017e-03
1.239824958609116179e-03
1.207944362568439539e-03
1.359065581104084569e-03
1.332527600244361177e-03
1.382092924891921426e-03
1.252431838307112993e-03
1.367177030939734084e-03
1.344901700518954385e-03
1.157621788542399083e-03
1.290495166955445139e-03
1.484462462568020974e-03
1.379596656343667210e-03
1.404192834185379046e-03
1.332583333823116750e-03
1.334635732171820383e-03
1.297655722842371018e-03
1.295621579045953820e-03
1.223889968051873611e-03
1.442404408605005295e-03
1.180095977165444843e-03
1.196926831881616610e-03
1.224377136448073777e-03
1.272110897150242892e-03
1.302718963276425224e-03
1.154154287326042416e-03
1.223332204444874810e-03
1.203358810147922564e-03
1.264397058574746185e-03
1.234441172139427029e-03
1.324302633763492498e-03
1.296544884308418327e-03
1.208758412740634086e-03
1.198688908114649287e-03
1.296767994080027381e-03
1.191418971955061218e-03
1.116162932980540451e-03
1.265470000319148663e-03
1.476674160316087531e-03
1.245701437876438333e-03
1.466281760488352681e-03
1.289723465183998524e-03
1.146021130401922439e-03
1.158028812982551253e-03
1.114025556859729593e-03
1.191227217995929899e-03
1.392533083991148724e-03
1.120045713223688510e-03
1.263450785017512096e-03
1.098448596884540190e-03
1.227684815267474777e-03
1.301160863689112407e-03
1.300325721574374649e-03
1.319202815828944553e-03
1.162866437705481482e-03
1.168929591738941676e-03
1.332127418331049279e-03
1.155580088685267265e-03
1.269045344675850256e-03
1.414537136647388282e-03
1.115607918697421319e-03
1.148278486591904762e-03
1.162741644056990153e-03
1.154589711748515296e-03
1.174710210759530304e-03
1.160010941685253594e-03
1.303692353422161720e-03
8.726111146320617018e-03
5.700330545101800483e-03
4.251381281685572694e-03
3.353529587116942795e-03
3.424708620942330806e-03
3.025410465195325915e-03
2.462165794260659513e-03
2.516882297796761009e-03
2.676719249130550538e-03
2.164429081904086644e-03
2.164638759643146976e-03
2.373673957689004244e-03
1.804195443463583320e-03
2.012362726944466607e-03
1.916577394076419971e-03
1.842741007485958205e-03
1.829251687312891117e-03
2.151202363439269627e-03
1.888017218073852893e-03
2.043795673014658920e-03
1.932831519191761938e-03
1.680028304800976202e-03
1.930408373374981751e-03
1.873345858042760326e-03
1.747382032477519387e-03
1.633122093180557760e-03
1.817342055403251000e-03
1.718456821853661665e-03
1.948619275810432178e-03
1.724484044792376491e-03
1.713394766671941238e-03
1.545235820651934266e-03
1.590752356648121590e-03
1.620387115105467735e-03
1.787042857269979801e-03
1.484426182919787451e-03
1.587742073283184702e-03
1.547082961178784105e-03
2.004743209546046984e-03
1.819786344872509343e-03
1.671681751177794828e-03
1.759423033087750832e-03
1.725764279569538817e-03
1.398968330577336772e-03
1.638424830159204704e-03
1.706237049153461888e-03
1.505088143012305035e-03
1.535891196789589130e-03
1.671070095598085198e-03
1.633999980426438514e-03
1.570851128369143285e-03
1.487561048856771151e-03
1.647864954474442811e-03
1.658979083157305356e-03
1.606957768832326799e-03
1.628960531408461115e-03
1.513799354296602173e-03
1.578554648109527225e-03
1.420396072467182413e-03
1.466529919762669942e-03
1.437007528322174765e-03
1.619134929730009498e-03
1.459446447427143606e-03
1.660489720458076246e-03
1.383557815069859365e-03
1.447329065708196499e-03
1.332617212481554403e-03
1.430844629900326903e-03
1.465442363428052369e-03
1.138666031303317561e-03
1.214700262313777451e-03
1.412665408712862614e-03
1.445769599855387111e-03
1.294778218234822476e-03
1.260040692833492432e-03
1.308998908653328380e-03
1.129840046660040426e-03
1.133322093897649180e-03
1.295947559616646844e-03
1.262117035978792962e-03
1.104973042642742181e-03
9.290763913401695051e-04
1.141952215368804285e-03
9.776679444898003779e-04
8.612720671260613858e-04
8.788478885836774335e-04
9.677924420664688054e-04
9.324834284662741890e-04
7.668279122319821006e-04
1.076749317834992808e-03
7.098205238719249022e-04
8.992897286129730716e-04
7.520692978927288885e-04
7.646820336266943463e-04
6.948905345365782860e-04
6.529237975848034559e-04
7.336177092056445082e-04
7.909233597749136535e-04
7.422208729401594263e-04
6.864457854085896649e-04
7.520556572536661599e-04
5.626565651347600894e-04
7.381946400518563101e-04
6.643392740116257911e-04
6.192281234252139388e-04
6.825938551230543994e-04
7.512269575793220633e-04
5.723045631303505520e-04
7.272697630670219016e-04
6.242927760258983050e-04
8.133184397101159147e-04
6.394259552751947739e-04
6.446065597405341296e-04
6.011997009651021129e-04
5.305329810841273586e-04
6.301341105226822281e-04
5.200268101082303196e-04
6.202621524885945647e-04
5.118901099210038108e-04
5.325326281658479544e-04
5.413879311561946295e-04
5.584743154886107064e-04
5.823463767342003383e-04
5.149090281089917231e-04
5.750716567414493330e-04
5.443956238703265282e-04
5.824750318905030921e-04
5.450637542068793862e-04
4.428630053429499780e-04
5.129675600811234304e-04
6.251315612628288720e-04
6.170515956630748255e-04
4.951238546474050206e-04
7.234382420797415281e-04
6.818732412321587555e-04
5.355279763618082944e-04
5.191326853575817246e-04
5.338794843085387098e-04
5.188675354669512740e-04
6.307185330323220041e-04
5.690893696688494041e-04
6.615932446004009482e-04
5.529139745180447485e-04
5.766623030895833002e-04
5.912555592422555351e-04
5.979233943217386604e-04
5.714930777765414582e-04
5.181519296046065148e-04
5.443241061796610936e-04
5.246430113288319541e-04
4.679001013231653960e-04
5.784121341175438302e-04
5.109410730188002070e-04
6.229747639419358496e-04
4.410150166437101782e-04
4.904615529796145512e-04
4.966130754972923611e-04
5.882679972036251870e-04
4.321777314894026389e-04
5.681772998543978270e-04
5.479016766948771600e-04
5.721753994134999577e-04
4.906610903029108572e-04
5.185448940860926115e-04
4.768342417676985079e-04
5.409861905438240193e-04
4.712688287380611962e-04
5.298011481145413482e-04
4.978248323737888281e-04
5.913213138825819393e-04
6.614350467810531375e-04
5.911028474232596364e-04
5.360066203151901687e-04
5.628588951705655596e-04
4.716379301686751679e-04
4.641681462547384007e-04
4.806594382943882304e-04
5.236184810840233128e-04
4.639285223697678373e-04
5.081032526023272766e-04
4.987666662871308165e-04
5.030413018271978620e-04
5.510145891002640739e-04
4.675413429324065673e-04
4.156436684209542654e-04
5.338106909601667005e-04
5.243017564781245199e-04
4.821544625013933494e-04
5.166114258107860902e-04
4.331197798974444069e-04
4.496767677524965423e-04
5.248401428633968357e-04
6.100956076079896984e-04
4.483966629944893811e-04
5.208771315397299484e-04
5.253589781370054945e-04
5.607762005142222228e-04
5.334191855568791441e-04
4.681404280146295172e-04
4.853814657269396593e-04
8.030972206587404238e-03
5.661947761537784729e-03
5.528043995351394901e-03
3.701998728153087920e-03
3.435654391177850320e-03
3.189382642423969211e-03
3.201862475583103912e-03
2.537421883377754400e-03
2.326369803008241505e-03
2.233245196588420911e-03
2.213509942127066255e-03
1.805464682158836043e-03
1.865265306990965266e-03
1.593513054854698435e-03
1.795962478387900380e-03
1.508467696184866147e-03
1.523251156001485807e-03
1.438577638251045676e-03
1.196366340287663421e-03
1.313318750608791219e-03
1.170543898567227153e-03
1.302580112783394833e-03
1.464205058161010403e-03
1.090102282854325810e-03
1.335351318862226799e-03
1.119104143644918115e-03
1.377313855022866546e-03
1.057945515610596993e-03
1.008423592824107123e-03
1.059614234928410448e-03
1.094174811215938015e-03
9.634990616937191832e-04
1.029118332165807753e-03
7.831300168027813258e-04
9.951223479983881126e-04
1.010153532720575731e-03
9.764539869418983886e-04
9.615529542987590050e-04
9.265869584935554348e-04
1.087175911202675066e-03
8.535884761434499313e-04
8.152386952033942313e-04
9.423181269166899798e-04
9.623032368061522346e-04
8.565018747627578533e-04
7.738511001735975947e-04
8.753009041887194197e-04
9.320949976156095440e-04
7.506395142492933159e-04
6.833871432219418285e-04
9.258903172868690468e-04
8.915360932491601942e-04
7.646490603054265089e-04
7.609647352444307011e-04
8.085627964399093315e-04
7.344245811801951296e-04
7.712567393088551326e-04
7.439459442071805206e-04
7.239089326003325664e-04
7.729468064846672926e-04
7.500885438481638690e-04
7.664524323917690229e-04
7.078036331030143624e-04
6.311126382484294473e-04
7.513236101874300188e-04
6.710825633625995545e-04
6.278451268548201902e-04
6.657618920704218290e-04
7.050110736371711928e-04
5.911692514094582518e-04
6.546399763338386912e-04
7.460300754322177208e-04
8.098066022690572630e-04
6.276053537202612442e-04
7.028839495811754767e-04
5.913862368017788751e-04
7.768581407232195979e-04
5.874106189422828583e-04
6.913083558772320503e-04
5.178846266272810195e-04
5.074274765114704377e-04
4.968574425196388422e-04
6.534158334169995475e-04
7.063615787841898142e-04
6.359240957810388672e-04
6.533612371840066824e-04
6.953463761859880743e-04
5.520685819648124548e-04
6.617623691466088809e-04
5.724466192891172756e-04
6.517231811431212218e-04
6.715765085489183717e-04
5.944617206129348963e-04
5.502041778106259162e-04
5.816764541257089804e-04
5.471279751040544759e-04
6.157560562962127726e-04
5.567830574109387809e-04
5.556331442913009511e-04
5.810736583573665459e-04
4.330953595968189962e-04
5.651132430878960666e-04
5.596555355260567077e-04
6.940519201064608568e-04
6.015218812614187005e-04
5.314312710570680276e-04
6.222362661073947698e-04
4.980285502740773584e-04
4.891977339594177909e-04
5.243304725223579821e-04
4.977244887961404518e-04
5.044143960361083256e-04
4.960342657592507754e-04
5.278437965136641152e-04
5.939568839835457359e-04
5.148384919622175926e-04
5.378668648332897428e-04
4.975214523162407865e-04
4.938119597862888899e-04
5.114746034249155471e-04
4.796810455923554428e-04
4.633361504690902688e-04
5.311070210496232624e-04
5.535876795241534420e-04
6.687867465288190039e-04
5.760214632830884529e-04
4.622091332170917555e-04
5.150734682187046998e-04
5.687851235635088543e-04
4.958684930733009422e-04
5.753195029755062140e-04
4.757182071468413209e-04
5.778029058226621939e-04
5.597618960257282061e-04
5.774589148461670152e-04
6.081326554465173173e-04
4.352738370498529519e-04
5.218843307638748596e-04
4.634996352806536324e-04
5.076371923207166625e-04
3.971608944484186776e-04
4.273768181552867196e-04
5.323533229537810718e-04
5.794181418048542642e-04
5.280985496860027273e-04
5.773370496415762554e-04
6.363104985467119001e-04
6.163004013898833178e-04
4.911696900485144901e-04
5.050562506767365678e-04
4.871151756927032117e-04
4.556526090084660197e-04
5.033266531730730409e-04
4.867597554853338171e-04
4.426656280934193610e-04
5.212122856711048913e-04
4.967034605775910716e-04
5.070671052096360765e-04
4.577169912507207672e-04
5.674836259806671779e-04
5.196878220454434483e-04
4.020252264020848787e-04
5.523858299462600097e-04
4.624799348336393334e-04
4.669807269414780193e-04
5.296158494332084410e-04
4.503067184400480483e-04
4.976184760839622023e-04
4.811871940197595676e-04
3.954968872648782774e-04
5.605184162684115345e-04
4.392019476644817844e-04
5.749644747621782126e-04
5.407381875518098291e-04
4.537259563418653829e-04
4.405639779401226974e-04
3.966766248404002271e-04
5.971550473726529307e-04
5.136421833095289324e-04
4.566736397663903602e-04
5.830064012404961860e-04
5.583572219204323284e-04
4.962580363259035121e-04
5.391593503559985456e-04
4.369943212016169642e-04
4.683932600541423907e-04
5.857479923049857540e-04
4.619506228519254520e-04
5.640726506558335629e-04
4.428523818251380029e-04
4.589749181124688771e-04
4.783285743351697872e-04
4.788781738249009434e-04
5.094199636201009185e-04
5.398702842544858549e-04
4.894062384193861859e-04
5.446643185531320486e-04
4.611324254264297096e-04
5.096320807551311949e-04
6.769826821992966370e-04
8.424709745148171308e-03
6.078861811468289772e-03
5.071395377147087241e-03
3.843775148995993290e-03
3.534957427424711973e-03
3.159389986466670797e-03
2.741612109514610096e-03
2.734389062626841477e-03
2.921553767853305589e-03
2.472049074024363496e-03
2.356148934898411040e-03
2.215422480523934756e-03
2.123598601509506245e-03
2.288709093333323591e-03
2.065063676133609832e-03
2.161223705771053022e-03
2.157355831684484859e-03
1.866990238596231977e-03
2.340323527217788580e-03
2.047943850036541141e-03
1.706472770303137793e-03
1.922226440909700212e-03
1.858332681573530987e-03
1.721742292042471867e-03
1.783957887155605132e-03
1.543365961480067106e-03
1.763290683479332849e-03
1.767818248118717406e-03
1.664451749825972965e-03
1.570266368102847532e-03
1.441547563489336409e-03
1.628343014222221469e-03
1.445613905217340428e-03
1.499405160410915983e-03
1.496544887399781087e-03
1.676066888891030587e-03
1.458000388513732565e-03
1.363663681584813964e-03
1.234037472880113867e-03
1.593012276600611760e-03
1.367096999826240833e-03
1.325209820300286834e-03
1.358503811544963663e-03
1.211163057051430764e-03
1.287778030974778137e-03
1.232334268310278369e-03
1.023241350675260786e-03
1.075800415471644955e-03
1.003604444424616854e-03
9.544120057263759394e-04
1.005083662753723794e-03
8.681542742086448272e-04
1.119962809634007794e-03
9.241943782778497263e-04
8.441080846480833455e-04
9.494625185071103868e-04
9.541015899403176848e-04
9.611844266916788615e-04
7.677799620212678866e-04
8.224236871480425370e-04
6.381605833429560004e-04
8.013185502986144848e-04
7.750598808126882289e-04
8.917043341125849287e-04
7.057712420158908373e-04
7.644526812841875851e-04
5.943045353515551132e-04
7.415033466534395878e-04
7.192711850827274156e-04
7.374089976590163242e-04
7.675453493860423526e-04
6.751581026451410061e-04
7.723348988799699777e-04
8.422407458492618682e-04
8.626183963830885704e-04
8.817512512099279220e-04
6.495524529362001198e-04
5.955797322957680218e-04
7.742336506521910189e-04
6.968353676582994538e-04
7.327468199356396150e-04
7.394832644381996167e-04
6.486321941486274112e-04
7.260562653653053478e-04
5.592295325826633634e-04
7.756072043645645397e-04
4.983935787249947624e-04
5.399996822564173682e-04
7.411381121780434567e-04
6.143248048190719235e-04
7.196303317017205270e-04
5.831849888260631776e-04
4.991270948869509783e-04
7.076167504814559472e-04
5.537421137669189253e-04
5.734482114797823105e-04
6.605812577684701259e-04
6.866208589950822949e-04
8.358510641142402608e-04
5.579102317571152381e-04
6.276597519371922285e-04
6.347931138029998255e-04
6.443090197585377155e-04
6.352324532597000695e-04
7.061034975104074629e-04
7.535420425872248196e-04
5.433809491510420420e-04
6.452909144494672899e-04
6.682624995291257253e-04
6.528888092890809680e-04
5.231171071110075899e-04
5.775706560963919656e-04
6.613039065093209712e-04
5.104122222209066251e-04
7.454395743376925065e-04
5.237851814613204982e-04
6.645504953446193519e-04
5.701122275970083031e-04
5.771576000548339636e-04
6.677202783242422446e-04
7.565386025898644673e-04
6.168417396938408181e-04
6.160926789089693489e-04
6.370847093354649326e-04
7.501690905157322453e-04
6.345281115458026311e-04
7.044393831458703459e-04
7.384230784692469296e-04
5.505150306073861022e-04
8.619009956041256970e-04
6.590687333040516627e-04
7.202093093647485289e-04
5.911376650133970401e-04
6.533964353047858054e-04
5.523791128935334749e-04
6.491078140465900148e-04
4.978771300977874459e-04
6.186597607809665722e-04
6.562336603538922175e-04
5.743346905558166515e-04
6.222196214318159724e-04
7.722469843702631231e-04
6.124964770529740810e-04
6.013809036425239729e-04
8.209186446454727615e-04
5.044260961901414486e-04
7.125675047030197162e-04
5.175447353948300910e-04
6.664761719645459492e-04
6.800697249250489684e-04
6.029197467737092142e-04
5.674971469970917226e-04
6.476699341761565920e-04
6.409213711760994303e-04
5.863438405462814695e-04
4.991472269121055572e-04
6.393864567530438414e-04
5.175237912864033563e-04
6.505427767094854041e-04
7.889508441239825864e-04
4.647580987374930195e-04
6.830876909876444636e-04
6.159446020315116621e-04
5.560590134726477174e-04
7.636821391492736033e-04
5.798256237323148876e-04
5.827181135179965166e-04
6.963494474594607297e-04
6.326910920461149834e-04
6.102227408694843591e-04
5.153772746344167932e-04
8.454483612689717154e-04
6.708771495643403582e-04
7.218553914262772209e-04
7.663328881516405511e-04
5.762431645029778005e-04
7.480896729314054361e-04
6.357487704265543660e-04
6.393631550615300196e-04
6.424350406400124169e-04
7.912571566917811494e-04
5.536535725012385611e-04
5.673493153149321289e-04
6.422566591569728311e-04
5.016048909839733450e-04
6.315774241257635091e-04
5.775034448975251145e-04
6.612414527558292676e-04
6.852972758469091930e-04
7.099147556432240658e-04
6.665261249108392350e-04
7.415257883572300146e-04
5.164810179668286039e-04
7.049486475516758555e-04
5.077955644065129670e-04
6.134775143589246693e-04
5.949181479771442627e-04
6.054280602914956233e-04
6.984686920976646007e-04
6.232182284194413835e-04
7.602788448942233296e-03
4.841920214860139654e-03
4.106777638480815784e-03
3.561170546357801669e-03
2.593380645759091330e-03
2.033632912149738181e-03
2.002015497232931263e-03
1.669894652717086869e-03
1.811027981246604579e-03
1.698698651648424679e-03
1.302532558770982951e-03
1.448826416643907156e-03
1.393884211277535146e-03
1.262529845175192067e-03
1.540896496830590490e-03
1.379697959257915330e-03
1.368786462984605823e-03
1.279850252114002329e-03
1.424976492395351596e-03
1.138237669500660049e-03
1.215040874313493696e-03
1.288986686571427093e-03
1.093631506044884238e-03
1.235097761014679330e-03
1.076262546885399518e-03
1.009362926632402513e-03
1.179224981049158127e-03
1.071723664831363693e-03
1.165631020051269978e-03
1.009052076163894501e-03
1.055233984291564092e-03
1.071355036377605319e-03
1.204880169382683414e-03
9.568793942288482401e-04
1.104195414910590783e-03
1.034811539550060944e-03
1.018821726565709990e-03
1.003363549748632205e-03
9.001475533488706438e-04
9.136374932648787250e-04
1.014873615499505000e-03
1.017744296838388185e-03
1.181564642687035066e-03
9.062980588204691546e-04
9.316741223915625536e-04
9.270246719967761839e-04
9.879001558830251273e-04
8.480754408447879755e-04
8.790223926199262905e-04
7.996063660704703924e-04
1.234057986367238097e-03
1.113908106269892451e-03
9.712201568098412230e-04
9.370109540683610461e-04
1.097400528934200370e-03
9.574011607494971321e-04
9.470515978038072935e-04
9.751082383173091672e-04
8.898226330272540618e-04
9.136554445552599879e-04
9.394475138102056921e-04
9.358538770192076361e-04
9.911408032905050236e-04
1.111378076477397003e-03
8.011604174460798533e-04
9.993419260465458143e-04
8.991333587651945125e-04
9.766147543256442631e-04
8.510039813546151077e-04
8.205001545869110291e-04
8.548030925724509066e-04
8.737806634449701848e-04
1.051399094231162540e-03
9.251107730578224386e-04
1.004538079971105391e-03
1.108708725186202670e-03
8.118382020014074107e-04
9.990150730175700877e-04
9.908297580437999685e-04
7.502199038846024681e-04
8.518719920617423558e-04
8.259841954446484058e-04
8.060276879399488892e-04
8.761549043107413892e-04
7.491503872806976050e-04
8.820387501584925349e-04
9.302026509791228026e-04
8.983016813752867091e-04
7.935931059406577115e-04
8.326517161047729265e-04
9.285092522039496699e-04
8.328482501678766137e-04
8.210860814661727347e-04
8.844451068199185584e-04
9.024616377014994806e-04
8.579006438132683043e-04
9.992955491247602906e-04
7.895393584839358048e-04
8.982560812572301656e-04
1.019044818683680076e-03
8.896479733594524208e-04
8.818859639593661093e-04
8.266848698301534903e-04
6.864096693230507806e-04
7.388188470435694266e-04
7.367805832845207570e-04
8.671910324456605368e-04
7.701489137940387142e-04
9.561303324539631443e-04
9.826512478832115371e-04
8.707045096292276298e-04
8.759665128079546781e-04
8.439952346112264414e-04
7.231984129862298327e-04
7.473028440369705594e-04
7.058559698821242900e-04
7.099488523632929704e-04
7.432666030297296889e-04
7.183912991085596167e-04
7.232068380166808974e-04
7.844176683734251088e-04
8.087347593606908358e-04
6.990287656068253086e-04
7.433688442243374661e-04
8.249138447026793663e-04
7.279800382095046041e-04
7.823247556304410710e-04
6.896585693823703567e-04
6.639197461131562950e-04
6.796046439506257808e-04
9.287508238513680903e-04
7.700873519301681958e-04
7.481496600927894924e-04
9.807033468363021700e-04
7.764800042693344173e-04
6.766989677002427372e-04
7.457139120072148186e-04
8.419452267852400862e-04
6.157656312890322226e-04
6.689387504076257929e-04
7.894142464273841420e-04
7.060886527580356731e-04
6.744162661435591788e-04
8.120627678259995097e-04
7.225902631765243611e-04
6.387981884565414881e-04
7.798510964816610103e-04
6.015783345322614495e-04
6.183780578290082319e-04
6.643943140891769850e-04
7.889644129026075758e-04
6.000338787071970992e-04
6.813175594324941131e-04
6.752122899606402551e-04
7.280637279706639320e-04
7.602901369330276882e-04
8.102882412759603026e-04
6.776445176158059358e-04
7.857995365112592501e-04
7.491272521387877525e-04
6.591463648650680573e-04
7.551035615042389626e-04
7.321353475172771852e-04
7.175032423745800192e-04
7.009581546610944847e-04
5.738453092142721534e-04
6.762804216393566992e-04
5.960735306084243013e-04
6.341052204559549654e-04
6.834639681160131763e-04
7.820605469715039004e-04
7.011268228738522235e-04
7.654744384423609049e-04
8.004695257801466846e-04
8.551984206119078724e-04
6.125062056796179433e-04
6.142790760999029820e-04
7.548709015665136524e-04
5.781163663167443456e-04
5.700955960498063635e-04
7.402588039165901301e-04
6.770557249185654713e-04
6.471119370396322124e-04
7.610457301709463995e-04
7.313346431466263842e-04
5.389340902411908496e-04
6.841807551549762556e-04
8.539598625197895865e-04
8.018368054617634744e-04
5.692107294627199443e-04
6.718688329981174767e-04
5.602715919812706336e-04
7.060602316844230564e-04
6.656328435485532602e-04
6.254294834516643808e-04
6.779302641140190488e-04
6.729846631210525953e-04
6.688181572229064120e-04
6.639013496361270694e-04
6.021037311280848237e-04
1.318390059469286973e-02
9.159769629564967763e-03
5.952220175676665309e-03
4.659952782577692076e-03
3.956870518048816870e-03
3.416252306427686875e-03
3.405047907079752911e-03
2.435209472757510901e-03
2.812726642575345132e-03
2.165456074098896788e-03
2.128522063028787797e-03
2.214617985878984674e-03
1.980990510790966996e-03
2.007170989990335330e-03
1.793447111618086398e-03
1.785300000409228288e-03
1.676768903473711131e-03
1.950210772381638646e-03
1.782992349878699534e-03
1.576545813573925620e-03
1.768048973272026703e-03
1.730743950170171574e-03
1.536851916821471709e-03
1.365029868000966484e-03
1.562940396023022177e-03
1.651630756480455819e-03
1.631156748146407598e-03
1.674209004492402397e-03
1.338525784504402544e-03
1.493531027566271513e-03
1.450156440510573519e-03
1.531440990637129851e-03
1.570552485118476005e-03
1.305937167831713874e-03
1.386685565779900708e-03
1.513568583851425398e-03
1.237137650176391157e-03
1.476122175707195172e-03
1.538701125202279058e-03
1.529350014322944373e-03
1.514677494370078592e-03
1.420127002919099185e-03
1.321501440793529381e-03
1.322973608662996597e-03
1.283184505178672913e-03
1.285002909228508822e-03
1.545250169107871552e-03
1.365909668094206914e-03
1.400481506774665930e-03
1.367333073887311290e-03
1.220887225986538871e-03
1.394162328238739146e-03
1.227241462086532675e-03
1.251457403914503497e-03
1.304927435270664127e-03
1.209031188689528580e-03
1.160279542523505458e-03
1.342872491985100392e-03
1.050338392495568651e-03
1.116104149334530560e-03
1.281501835041123916e-03
1.135783423621493371e-03
1.059585888774000617e-03
1.081715909678614140e-03
9.399431166298606588e-04
1.144681166691162433e-03
9.260063653514088999e-04
1.047011638002692813e-03
1.144416263453743726e-03
1.173289771195157316e-03
1.169253098285791270e-03
1.060850459606847707e-03
7.612995669168988455e-04
9.690153962611663951e-04
1.140107032425848044e-03
9.708923410736321202e-04
9.064559597209351227e-04
8.226823688260859191e-04
1.001509706811370970e-03
9.761835780111166594e-04
8.749198548797243458e-04
1.021833999249210922e-03
8.425996861195009235e-04
1.002715801944352447e-03
8.340619405347096671e-04
9.563387610414253448e-04
8.495004752664264691e-04
8.185772079644694499e-04
8.511578794619459321e-04
7.071874168136371708e-04
7.748364387988523894e-04
9.325975493334713595e-04
8.047571476255642453e-04
7.636116901384021327e-04
7.185470571136678974e-04
8.415555503698789186e-04
7.120159558051050719e-04
6.682849677654076337e-04
7.297536021994947830e-04
6.797957723889934412e-04
6.864898268475541632e-04
7.289635711445197064e-04
7.198487132982142600e-04
5.978964392255488314e-04
7.607429229676346272e-04
7.497414839239963102e-04
6.276727671072762638e-04
5.258048139726440029e-04
6.285298275964731896e-04
5.252313484200819838e-04
6.021810987681605609e-04
5.355293971886602999e-04
4.691219839852121820e-04
5.606049268201754310e-04
6.245543852568466447e-04
5.668739297303437841e-04
4.387998548631352747e-04
5.493210845925119989e-04
5.697011454806749642e-04
6.022769391947208062e-04
5.974740515873426527e-04
4.606232655510432428e-04
5.420052940470175551e-04
4.949423367511009142e-04
5.751130934815440465e-04
6.424643548070263499e-04
5.209646465690574713e-04
5.446023654223988708e-04
4.367350078169456029e-04
5.193968620247589596e-04
4.928455881500690139e-04
4.470868413794445995e-04
4.545533740216781138e-04
5.067222467988879986e-04
7.693015253872545478e-04
5.803531066984578268e-04
6.126923812323839535e-04
6.194632615155251654e-04
4.217330048936068776e-04
5.276429662392952136e-04
4.572379542145676989e-04
6.738270774559879106e-04
5.310815346770275669e-04
4.503168784135321012e-04
5.111148374858411059e-04
5.117587684735219744e-04
5.247743083708587830e-04
4.775320084212941740e-04
5.496761921018125663e-04
4.903195749986141716e-04
5.082526876543924654e-04
5.890565367149339093e-04
3.852760790537465563e-04
5.674438927021976942e-04
5.400461542556453387e-04
5.239462532191652144e-04
5.385945984385867580e-04
4.916604718736249102e-04
4.112965924970186926e-04
4.646375800803313749e-04
5.777979710488885534e-04
5.101020593310384710e-04
4.772480425401272319e-04
4.388711836660445786e-04
4.943950321923441804e-04
4.306676647777528399e-04
6.267112158475848793e-04
4.353494903152309303e-04
4.439862955709916736e-04
5.819730458038567533e-04
3.703939105219287986e-04
4.648024104632504649e-04
4.849645126188927013e-04
4.139713617586707195e-04
4.036763515871608088e-04
6.192047634449825144e-04
5.756498687056882391e-04
5.397040356315864484e-04
4.664008678256885421e-04
5.100583859561601263e-04
5.597484463777321895e-04
4.676482282837193805e-04
5.632064851455176324e-04
5.447485202273172344e-04
4.018186596597278504e-04
5.317656359542892452e-04
5.611832701251442956e-04
4.128613078025061833e-04
4.663805330172195174e-04
4.968211451726323169e-04
5.047839519903701833e-04
4.770818061187731551e-04
5.224457185647596313e-04
4.112574673978616757e-04
4.824410209463558807e-04
5.796451524550348677e-04
5.344944628237133233e-04
4.223750958116910537e-04
5.067808720004736422e-04
5.109337738450729638e-04
8.087586450953435091e-03
5.700503396159385672e-03
4.500889548587422989e-03
4.210151664640362362e-03
4.703628430238783464e-03
3.701074372522407396e-03
3.866800137502842544e-03
3.675563982277016417e-03
3.215336289670269604e-03
3.255451419697411725e-03
3.273429001898722074e-03
3.069209337734916249e-03
2.794433077912394231e-03
3.138376013873990511e-03
2.720090993667437923e-03
2.725474569946290115e-03
2.957611053764682557e-03
2.622198295583268862e-03
2.610038985456170080e-03
2.556770583971558486e-03
2.792922609191474809e-03
2.604421776108707676e-03
2.595122248533279080e-03
2.364031851022057457e-03
2.540300607469139771e-03
2.750413317093781951e-03
2.450947312644346371e-03
2.341238822155217864e-03
2.296141946936960943e-03
2.373574653022597625e-03
2.094438718279807710e-03
2.530599670183677347e-03
2.509696773493035743e-03
2.473751887856635162e-03
2.339652630309670134e-03
2.258449500619666428e-03
2.376934055795563300e-03
2.180389417949762931e-03
2.262099769166310559e-03
2.140348595425518169e-03
2.313777015884026234e-03
2.077163416841051186e-03
2.127699115645444866e-03
2.145816143300345591e-03
2.185551048573784738e-03
2.306776478130635744e-03
2.221738208961224204e-03
2.238805651157482063e-03
2.112776551539904263e-03
2.130256015824803784e-03
1.935408386184958585e-03
2.140465494904257582e-03
2.087336062068113202e-03
2.296570418774537131e-03
2.017833497506563850e-03
2.035346492001197105e-03
1.913957860140574202e-03
2.313406633007004942e-03
2.151551903783258113e-03
1.901043451782123694e-03
2.304069572440954616e-03
2.200155380377405434e-03
2.165022469916035724e-03
2.068376153128239497e-03
1.897616385127351424e-03
2.060869400449281269e-03
2.214749838615880095e-03
2.195459810565091041e-03
1.849519925180134750e-03
1.941878117840703522e-03
2.009133309563055497e-03
1.918259075364716487e-03
2.015273302135252298e-03
2.061997363865978455e-03
1.940878355063787447e-03
2.032705411850507793e-03
1.942921366976754771e-03
2.007147866160210320e-03
1.835490050514674426e-03
1.788492303658358040e-03
1.844816636350759403e-03
1.737789229360603427e-03
1.942356412375414315e-03
1.778857496606018468e-03
1.666464597295261307e-03
1.687564276813297015e-03
1.530315329010364933e-03
1.699496981527538059e-03
1.874915682880628348e-03
1.787544946422435499e-03
1.861387449704276359e-03
1.765666599409226184e-03
1.595460846323056708e-03
1.608693357183318962e-03
1.862248836316623968e-03
1.795403615216250442e-03
1.820351315567517864e-03
1.616584978661083499e-03
1.624166955159093984e-03
1.750385773515748117e-03
1.715866399250001034e-03
1.601006269062399401e-03
1.374793067440826383e-03
1.627310877452350230e-03
1.564788831375812928e-03
1.575841445405554153e-03
1.549825344156940260e-03
1.678822968273471772e-03
1.572006843852474800e-03
1.659681624403878952e-03
1.869824442322715746e-03
1.454578606440656147e-03
1.366399132045326842e-03
1.367138418951589079e-03
1.572792791469011797e-03
1.604776541687943231e-03
1.491315084307224398e-03
1.546645820532467630e-03
1.595290544965169421e-03
1.668590966576288803e-03
1.352283906942298303e-03
1.622320401219529834e-03
1.479252927543740076e-03
1.275351324124054941e-03
1.519705230932272971e-03
1.590236946653798833e-03
1.481967945359954214e-03
1.598985083018752279e-03
1.577201244036218614e-03
1.548689253884460992e-03
1.449398929601924263e-03
1.286591081244011642e-03
1.738313574137256845e-03
1.573956881751187309e-03
1.434594644193092072e-03
1.605027342789066419e-03
1.628530879968202033e-03
1.524362667957857020e-03
1.411627853056745402e-03
1.720769835170856549e-03
1.639290008383170738e-03
1.435666075631097244e-03
1.521445923394759703e-03
1.523122226499206561e-03
1.562261587790544221e-03
1.365071474261007889e-03
1.545185223146144926e-03
1.413258088038757410e-03
1.365029052951948624e-03
1.484173101521366056e-03
1.450943801979274334e-03
1.439107234695775200e-03
1.518949795976519412e-03
1.394730283613764693e-03
1.559102654580798997e-03
1.410191334586887585e-03
1.618182845241098594e-03
1.436217301447832023e-03
1.588141042408276055e-03
1.532358887676280729e-03
1.385012157031201979e-03
1.672046857383695240e-03
1.659496101870355789e-03
1.364513308172273648e-03
1.660558753936926257e-03
1.380235677250048199e-03
1.465296697892394528e-03
1.614931059021038062e-03
1.462945534144027837e-03
1.611158751070117245e-03
1.349043233621477489e-03
1.393222035768360012e-03
1.382631567474652823e-03
1.472374915176381110e-03
1.605548052656776553e-03
1.377640639814263490e-03
1.489795853938179204e-03
1.433736544950579145e-03
1.348060749835951894e-03
1.325463693623012140e-03
1.730125232042759031e-03
1.408279954705188297e-03
1.438992208256408695e-03
1.437552946887969002e-03
1.339757901529597950e-03
1.514530677285328558e-03
1.598536452336880853e-03
1.248281951395657091e-03
1.382663318011720377e-03
1.609649114564189187e-03
1.403439562625806436e-03
1.263781740470183712e-03
1.235337390696575333e-03
1.576911846009661916e-03
1.284901141284575804e-03
1.414612963821188646e-03
1.349938151602326358e-03
1.334517666507318429e-03
1.247217981755192884e-03
1.465019799131567907e-03
8.879887584765933095e-03
6.468908325673317083e-03
5.195290994851171906e-03
5.010790150003392729e-03
4.130205212450274027e-03
4.112451446064358668e-03
3.864337498001770704e-03
3.598772500857817108e-03
3.462394527906510755e-03
3.362141154182686498e-03
3.411052146863102763e-03
3.202577120932720289e-03
2.792304285289214788e-03
2.848975083839425104e-03
2.565541786132150004e-03
2.523288943153678687e-03
2.349250710346188764e-03
2.568211235355728761e-03
2.176964931333614378e-03
2.021256276920770090e-03
2.473159378917507562e-03
2.477899692324016245e-03
2.632123855484048286e-03
2.764431164164873889e-03
2.368176575576457638e-03
2.186868789798332435e-03
2.005887568659086434e-03
2.262247575190935028e-03
2.414263964489720554e-03
2.510266780449136453e-03
2.058891186816669966e-03
2.259176008693384446e-03
2.207340706992529100e-03
2.118598372368649119e-03
2.193237332723661781e-03
2.080719550938456286e-03
2.081635279755460199e-03
2.102971665990379518e-03
2.397898586511397478e-03
2.457985710513175409e-03
2.148766695923527009e-03
2.193467224022908890e-03
2.255586228717205294e-03
2.140933290571925274e-03
2.162193080124674011e-03
1.812286534304170110e-03
1.981788624818976025e-03
2.242994972063233616e-03
1.991458329695085239e-03
2.116733189603651338e-03
2.006548507360133432e-03
2.434173502186387505e-03
2.030114753922649534e-03
2.021066588140742887e-03
2.441880694788862299e-03
2.366360016151515533e-03
2.085615564441117842e-03
2.220753059124336293e-03
2.007844441469196217e-03
2.295680653989266851e-03
1.833108414543652837e-03
2.390892258342245530e-03
2.106072605371562406e-03
2.085791967330649643e-03
2.014719090108824801e-03
2.215653496478113549e-03
2.309058150522257102e-03
1.932157870876773792e-03
2.317007427859681112e-03
2.324233613067078208e-03
2.312380602011894493e-03
2.027587049127550084e-03
2.207226448081613113e-03
2.210377000285958238e-03
2.059662677707400913e-03
2.366687490314385578e-03
2.084696803811431076e-03
2.035744454712645063e-03
1.998040706487694274e-03
2.114120482670751172e-03
1.934450458322169164e-03
2.250977049924517137e-03
2.423505713572745440e-03
2.258256278597471634e-03
2.144960774915896651e-03
2.199616832583069920e-03
2.129878683810954021e-03
2.217317905828092989e-03
2.112252870775745139e-03
2.206404027544656143e-03
2.414377035128461441e-03
2.521458031037111108e-03
2.298005317917694440e-03
2.066574489745287568e-03
2.459973780927948023e-03
2.493697804648253857e-03
2.338540895780987644e-03
1.997150054922465501e-03
2.117863644197956474e-03
2.099988923786356987e-03
2.058570514620182423e-03
2.196147706925430376e-03
2.306826666168576567e-03
2.150265852431221258e-03
2.242326667444560773e-03
2.203810878340827645e-03
2.206576855317360364e-03
2.130362741707473445e-03
2.028923544935834489e-03
2.216231249400867076e-03
2.151777681337771475e-03
2.424083490500938964e-03
2.013681273290768292e-03
2.234768707279566335e-03
2.340421300631508050e-03
1.864468346094071138e-03
2.213399341002342258e-03
2.279066784950014440e-03
1.946264804138113369e-03
2.372308716562791797e-03
2.145138053265924216e-03
2.432334953894017132e-03
2.241214198386739381e-03
2.250916432639436804e-03
2.091435798388739664e-03
1.857309459083286707e-03
2.068668629900426159e-03
2.379329879495677147e-03
2.527195508943477081e-03
2.102216885649096229e-03
2.186333817632106491e-03
2.055932833099322066e-03
2.206992524757631080e-03
2.307276877215179434e-03
2.283082790584953919e-03
2.123500653020336110e-03
2.321132583476992473e-03
2.387474347111399192e-03
2.286583211077181793e-03
2.048806435688665939e-03
2.114262430811642002e-03
2.496577546339091846e-03
2.268304564245482435e-03
2.021236677878148619e-03
1.940998477971044023e-03
2.134835042073828654e-03
2.151826735798199192e-03
2.083131504752040730e-03
1.972760395030043884e-03
1.995822633676414687e-03
2.111050754514159217e-03
2.498571437588841676e-03
2.339358543168180288e-03
2.189346902424241237e-03
2.280583230654047167e-03
2.267753373862105293e-03
2.080987470141498069e-03
2.022660874696730754e-03
2.023464431115964968e-03
2.102151690085384689e-03
2.521782792822602898e-03
2.182309804469727277e-03
2.029429667958923544e-03
2.212866202785136738e-03
2.223968191755687496e-03
2.373174416922550767e-03
2.014675741176710777e-03
2.110966422821571736e-03
2.154708321659919157e-03
2.188698036265118718e-03
2.128988965714069537e-03
2.225838730448091718e-03
2.230407726901466325e-03
2.227476104411523633e-03
2.464078570438718585e-03
2.304995758143649209e-03
2.410932913907599950e-03
1.952254372696547724e-03
2.276264881494811237e-03
2.281586301199171885e-03
2.140269750546444638e-03
2.098806999436937659e-03
1.990082361710474729e-03
2.484730695267400175e-03
2.143610379618243744e-03
2.076445489341351841e-03
2.050944454208319251e-03
2.275226606198433449e-03
2.291410290853578002e-03
2.333161433697956283e-03
1.893765957829841862e-03
2.048032571988721989e-03
2.024788967164778408e-03
2.362240365879734322e-03
1.987569263953197635e-03
2.041445555281989899e-03
2.409340085690107186e-03
2.291872089817813263e-03
2.237090350713892561e-03
2.374347302215584765e-03
