8.500727595684369475e-03
6.211050405659231111e-03
5.166673727069300698e-03
4.337383461796410350e-03
3.597765504829344291e-03
3.521588265840185777e-03
3.258337083908515591e-03
2.744891638494454528e-03
2.789456706083291715e-03
3.244504861322099198e-03
2.462739905445422012e-03
2.874136009389897939e-03
2.448353874040954531e-03
2.572990758111952381e-03
2.234974422168245489e-03
2.266296622776674957e-03
2.207035536952107330e-03
1.997342818901504807e-03
2.145858970686927158e-03
2.250990405295132113e-03
2.248957345985541645e-03
1.774535558889699105e-03
1.842747649003100008e-03
2.067311782088965266e-03
1.904294552847227151e-03
1.917283614582099283e-03
1.916712415104267903e-03
1.954592692867129777e-03
1.907593358403361639e-03
1.680647594034811315e-03
1.845225441440615649e-03
1.651417468461147120e-03
1.738870879120689439e-03
1.607792584910908151e-03
1.737624864377344119e-03
1.465367436693072734e-03
1.663231526751730166e-03
1.527311158247852269e-03
1.440337960585128668e-03
1.462912882756055993e-03
1.521583084264178931e-03
1.544206249095830125e-03
1.602691482640392767e-03
1.832167933560720913e-03
1.345675746309098891e-03
1.560498337286473497e-03
1.549817258280392074e-03
1.466101925774593306e-03
1.469954275515470560e-03
1.583509195358278471e-03
1.482602427511282850e-03
1.349274827025671170e-03
1.509626535588653312e-03
1.315678723089526436e-03
1.318371038763387071e-03
1.629147176772222788e-03
1.337846620845458551e-03
1.550056970140347573e-03
1.467147546763067356e-03
1.415646491188082834e-03
1.653963320171123602e-03
1.268101600047422117e-03
1.374845967701827931e-03
1.206536077321566924e-03
1.316833859468732187e-03
1.246257151333543534e-03
1.298228755611235269e-03
1.306671904232298981e-03
1.135004146269533165e-03
1.197937666697457271e-03
1.315834634323633651e-03
1.386204805026977627e-03
1.283321662369569377e-03
1.464573107530561108e-03
1.182861583985631015e-03
1.358964352400442860e-03
1.308666266339346407e-03
1.274271999219117601e-03
1.260209047852577785e-03
1.212381089245116728e-03
1.195098277932026692e-03
1.312463628577942992e-03
1.301489141313491582e-03
1.338804595572350847e-03
1.345267793221888164e-03
1.325596231831732696e-03
1.266013826155463345e-03
1.162913879450739457e-03
1.398857699597452764e-03
1.301423567350201010e-03
1.501742501096796356e-03
1.141557926603496698e-03
1.384634212280931587e-03
1.141591461396026380e-03
1.141913929242829862e-03
1.284995661133214728e-03
1.133162200046979040e-03
1.064534478640223603e-03
1.058855137831982846e-03
1.085318610433740061e-03
1.038629052263144448e-03
1.099492219483629712e-03
9.569067130821319600e-04
1.071176955650472024e-03
1.217862103015908415e-03
1.082664658551019815e-03
1.094439423009505030e-03
1.119583004197181181e-03
9.508164850777905963e-04
1.027214969841136472e-03
8.881351816679323996e-04
1.164053052752977296e-03
8.677584582616817976e-04
1.006945570931935818e-03
1.088525874173539021e-03
1.041254097056281552e-03
1.006446400349962633e-03
1.007489928997708922e-03
1.023156487076824078e-03
1.072024218952770391e-03
7.826871673630476922e-04
1.036975402715162309e-03
7.567040147162459873e-04
8.619796445659723416e-04
8.462171216849431743e-04
1.120019881001639572e-03
7.953925303042230777e-04
8.826105885894469649e-04
9.185925856411182588e-04
7.730505509592963675e-04
1.099341127226993037e-03
8.610413423165777513e-04
8.884390032376787705e-04
7.691550314892353635e-04
7.588411531160195456e-04
8.381622121162515815e-04
7.030899737449428089e-04
8.775200795013080035e-04
8.354526878278298319e-04
7.309774626012288667e-04
7.642064427703515461e-04
7.829738775175440479e-04
9.255802619121573926e-04
6.348344555941708156e-04
6.938777145753388664e-04
8.286130198331444208e-04
7.576673238262263133e-04
1.098851294904307219e-03
8.616530386967406752e-04
6.105476289818868862e-04
7.168568315953013914e-04
6.190104081730887775e-04
6.717150646042800710e-04
8.775406276634242775e-04
7.300605419535560747e-04
6.740965883540936399e-04
7.024526383420486020e-04
8.491916902740211104e-04
7.068028204192874919e-04
8.174520328778946132e-04
6.414155140034502600e-04
6.406695257275170363e-04
7.807142535656459714e-04
8.486876562227990695e-04
7.399684444879678358e-04
6.292275269160728379e-04
6.945184212186553130e-04
7.491044890272774426e-04
6.478361076791352979e-04
7.042291564560120010e-04
7.058572020668778257e-04
6.842208755494273709e-04
6.819641698079768888e-04
6.234329603353912230e-04
5.827082416167625456e-04
6.007052958767918061e-04
6.323551137485602935e-04
8.041502137319592181e-04
5.631480888088277736e-04
6.761522419677819251e-04
6.681104194990634959e-04
7.929000435911298661e-04
7.942135217670967529e-04
6.254099848803026940e-04
6.792017145506486220e-04
7.169697305266162224e-04
6.461296155129934993e-04
6.708872975923069193e-04
6.862450805712877466e-04
7.153844294825670302e-04
7.788192609477218031e-04
7.468116816169330374e-04
5.980336375823944173e-04
6.170056951329341843e-04
7.918870634533517472e-04
7.188322888772337438e-04
5.932611715812295683e-04
7.158813777648868892e-04
6.595106274475577568e-04
7.447084145536138344e-04
1.423437428976167055e-02
1.030911267135389137e-02
6.666536584907498120e-03
5.620540462538559795e-03
4.498785918675449885e-03
4.086358731846952835e-03
4.282567974498836805e-03
3.758497604840628503e-03
3.769391738527184260e-03
3.877448028213579395e-03
3.378271149863880385e-03
3.410759880828138912e-03
3.296451684265330750e-03
3.085355130763706849e-03
3.055233070221013980e-03
3.006525308826578369e-03
2.792207387058688595e-03
2.813117973035888369e-03
2.598677417888384245e-03
2.651434308706849402e-03
2.407834108155884612e-03
2.527720088227179696e-03
2.522787869016634987e-03
2.318315692306456566e-03
2.376411174061149323e-03
2.596526609696184207e-03
2.306986336807950039e-03
2.478200423692532295e-03
2.563325162541003205e-03
2.349246355908322925e-03
2.297536654084549740e-03
2.301194972571127262e-03
2.304543214069136592e-03
1.914388219160120114e-03
1.926971623620547108e-03
2.239487406974223493e-03
2.035249027804546251e-03
2.141660164903563118e-03
2.474186661123426584e-03
2.038889322710214780e-03
2.036953149266825663e-03
1.994030709834674481e-03
2.074848600432381562e-03
2.288549357060843531e-03
2.003805746356220746e-03
2.112985307766098581e-03
1.950539134638436950e-03
2.011577427528631057e-03
1.846545793584238038e-03
1.965983797261997013e-03
2.032137763135308250e-03
1.904352406173318718e-03
2.009101089516365790e-03
1.962384711955263150e-03
1.970314964076385483e-03
2.032246994341967844e-03
2.045404414577067786e-03
1.969932552956632499e-03
1.871218701221484537e-03
2.019992508697377592e-03
1.697748690880469813e-03
1.859927616068717676e-03
1.805608921764585012e-03
1.730202123731441888e-03
1.888312946876691267e-03
1.847528982694766897e-03
1.911106046778042467e-03
1.805877971361103534e-03
1.927814967988453199e-03
1.794935221866814090e-03
2.132394287324902715e-03
2.044932660121203533e-03
1.967911262180169207e-03
1.757469064406536746e-03
1.853874640009852554e-03
1.835804093297446066e-03
1.879958167802897595e-03
2.018201615434721263e-03
1.849135563427757589e-03
1.598701359086466406e-03
1.793068112686785343e-03
1.933498654137853767e-03
1.929335548784279208e-03
1.689187094591572402e-03
1.662149743582620742e-03
1.874683637058689040e-03
1.908882261743294340e-03
2.042047466519477522e-03
1.597828338847889773e-03
1.604292429877720444e-03
1.961878443998418126e-03
1.699597866986174433e-03
1.618534220632399101e-03
1.461056723522001499e-03
1.675969385982679222e-03
1.699717206190665131e-03
1.497334178038184360e-03
1.647904643677651493e-03
1.630188711575511484e-03
1.811262835333359023e-03
1.543427940621382860e-03
1.664037436348800997e-03
1.587652793806858947e-03
1.678538294737037112e-03
1.627974122319766209e-03
1.538172044692465851e-03
1.783164027574161981e-03
1.611380285354412772e-03
1.575105024233799250e-03
1.607740431242669910e-03
1.680337724065637806e-03
1.438320214075052700e-03
1.504380488172630398e-03
1.439572525819738519e-03
1.508221827362359740e-03
1.465315557850045691e-03
1.714282090647046425e-03
1.526780670419530805e-03
1.508108854690343864e-03
1.391761635520610135e-03
1.531511832180896399e-03
1.380045128980357527e-03
1.373428749349536737e-03
1.296870213453538145e-03
1.360237139983067056e-03
1.453827269216233925e-03
1.444115183872246577e-03
1.393134194261444470e-03
1.264515945964040516e-03
1.288459669890402309e-03
1.367709151763110698e-03
1.444315794874834191e-03
1.164602595946598318e-03
1.165808339969418017e-03
1.239824958609116179e-03
1.207944362568439539e-03
1.359065581104084569e-03
1.332527600244361177e-03
1.382092924891921426e-03
1.252431838307112993e-03
1.367177030939734084e-03
1.344901700518954385e-03
1.157621788542399083e-03
1.290495166955445139e-03
1.484462462568020974e-03
1.379596656343667210e-03
1.404192834185379046e-03
1.332583333823116750e-03
1.334635732171820383e-03
1.297655722842371018e-03
1.295621579045953820e-03
1.223889968051873611e-03
1.442404408605005295e-03
1.180095977165444843e-03
1.196926831881616610e-03
1.224377136448073777e-03
1.272110897150242892e-03
1.302718963276425224e-03
1.154154287326042416e-03
1.223332204444874810e-03
1.203358810147922564e-03
1.264397058574746185e-03
1.234441172139427029e-03
1.324302633763492498e-03
1.296544884308418327e-03
1.208758412740634086e-03
1.198688908114649287e-03
1.296767994080027381e-03
1.191418971955061218e-03
1.116162932980540451e-03
1.265470000319148663e-03
1.476674160316087531e-03
1.245701437876438333e-03
1.466281760488352681e-03
1.289723465183998524e-03
1.146021130401922439e-03
1.158028812982551253e-03
1.114025556859729593e-03
1.191227217995929899e-03
1.392533083991148724e-03
1.120045713223688510e-03
1.263450785017512096e-03
1.098448596884540190e-03
1.227684815267474777e-03
1.301160863689112407e-03
1.300325721574374649e-03
1.319202815828944553e-03
1.162866437705481482e-03
1.168929591738941676e-03
1.332127418331049279e-03
1.155580088685267265e-03
1.269045344675850256e-03
1.414537136647388282e-03
1.115607918697421319e-03
1.148278486591904762e-03
1.162741644056990153e-03
1.154589711748515296e-03
1.174710210759530304e-03
1.160010941685253594e-03
1.303692353422161720e-03
