7.599732785092388337e-03
5.679317196824431452e-03
4.672935672091954595e-03
4.073070310299749253e-03
3.566774962381748931e-03
3.341983309409962688e-03
3.077349244754296748e-03
2.713279195999250548e-03
2.624635544135684589e-03
2.715583229717655200e-03
2.379071577421353750e-03
2.401090251440200080e-03
2.031268842895537358e-03
2.443363178189567747e-03
2.188445827155886120e-03
1.996450510498092024e-03
2.113232674622600449e-03
2.278828481277660190e-03
1.857743336349200469e-03
2.194640607192998444e-03
1.850435979849678059e-03
1.749296988066313674e-03
1.792569605567492785e-03
1.777214740837369800e-03
1.586922206885180153e-03
2.014689472951206040e-03
1.654463579810496604e-03
1.767820924315492009e-03
1.721657371498326594e-03
1.653169759846095238e-03
1.782531361717437646e-03
1.441881826125625266e-03
1.836584220918514865e-03
1.597448042042089872e-03
1.357652681775223941e-03
1.634244052335961928e-03
1.625939417348381405e-03
1.381375900474834245e-03
1.373745326485188711e-03
1.671281665648373382e-03
1.503201650537969863e-03
1.631301792403252321e-03
1.882645275257763262e-03
1.807462155739479603e-03
1.399079834511790521e-03
1.529069061050523232e-03
1.471857015924241119e-03
1.423429704497627263e-03
1.440912458792686923e-03
1.565843126251784123e-03
1.582584267921394866e-03
1.475872890956343025e-03
1.376502211479863069e-03
1.361664370860889151e-03
1.572508716904987003e-03
1.544661660749090115e-03
1.435327258174117632e-03
1.531493961557654770e-03
1.403632389890378807e-03
1.594661232117267069e-03
1.448850180545451644e-03
1.498383288462391827e-03
1.421465791293461539e-03
1.586235781425318625e-03
1.228844429852219561e-03
1.233293043197653677e-03
1.545227489566612655e-03
1.499312464312643062e-03
1.320274038656664428e-03
1.417252327964930309e-03
1.481716786379125989e-03
1.509914512449674062e-03
1.472483805211487889e-03
1.513425945935325395e-03
1.531719371336989766e-03
1.253768281399305490e-03
1.573378872316000959e-03
1.264166767069058173e-03
1.288806859091048279e-03
1.488573765682239813e-03
1.275251023516197485e-03
1.473314553038482938e-03
1.578109596487971278e-03
1.446243772742151351e-03
1.571333938312418493e-03
1.443509917140130272e-03
1.305619686004639429e-03
1.321045558086274968e-03
1.523200493361742680e-03
1.260167550387079199e-03
1.608988487846796378e-03
1.257020531039987343e-03
1.370887073064732536e-03
1.432564942872634889e-03
1.431712933341905414e-03
1.444486494062108967e-03
1.407049716794901706e-03
1.460589258576307919e-03
1.369947789816274714e-03
1.405797348491819032e-03
1.417340752519233998e-03
1.479425341395983889e-03
1.350219973594381923e-03
1.410186559164111619e-03
1.387563629536788662e-03
1.435562645508953183e-03
1.525328398094261823e-03
1.320928183297910563e-03
1.253280551625320788e-03
1.316449802903778971e-03
1.282887837806920978e-03
1.423503256263988770e-03
1.415278944813167655e-03
1.213350547620235809e-03
1.287289289841023199e-03
1.366113394292611111e-03
1.148029758564612229e-03
1.443757182708917813e-03
1.275296868557380947e-03
1.495244649627948397e-03
1.403128646091707926e-03
1.367287435939106011e-03
1.218719479602101141e-03
1.273059825887400132e-03
1.323505309951383130e-03
1.373730509619097012e-03
1.319709065017691391e-03
1.290532748859027357e-03
1.529087812117694428e-03
1.189422889139687967e-03
1.283239622690189596e-03
1.364891698657142577e-03
1.481526147737059068e-03
1.448390769105988019e-03
1.369480770549137694e-03
1.231746852410391113e-03
1.370916508668461320e-03
1.353594991662439295e-03
1.408407798603003580e-03
1.288628274491838976e-03
1.270495627816142781e-03
1.318296061144013515e-03
1.386363461913123901e-03
1.206591188906692286e-03
1.235367003830915855e-03
1.407328141974025643e-03
1.345752844403143300e-03
1.386819264197723667e-03
1.411306438638765259e-03
1.161374612516068855e-03
1.312186921014219659e-03
1.225912579060423752e-03
1.334416249374869440e-03
1.543772678246214947e-03
1.287627459885701958e-03
1.169569000323434499e-03
1.176320659827295029e-03
1.252340310207173540e-03
1.196368730187677420e-03
1.165089255924914302e-03
1.355199120256837114e-03
1.040641146633641129e-03
1.329488509507838895e-03
1.168426056566002069e-03
1.302767424213667480e-03
1.355012678720565050e-03
1.252710767961108529e-03
1.260756726844752817e-03
1.344235855620195402e-03
1.459885911901777356e-03
1.125681748578060554e-03
1.326499614746380618e-03
1.340422354818439354e-03
1.114915365174752593e-03
1.248597172365417673e-03
1.330367863186219385e-03
1.149076629908495767e-03
1.106509043092188116e-03
1.242660560185970126e-03
1.058135548064238068e-03
1.194123484759990889e-03
1.046592204867663467e-03
1.201604116709692471e-03
1.036639291263793256e-03
1.051857003026224896e-03
1.460406736905367486e-03
1.196165503423572696e-03
1.269680962583633055e-03
1.110722740571258582e-03
1.177798967488392218e-03
1.207380438551043655e-03
1.074395636980061269e-03
1.260549122453363119e-03
1.166462666041430396e-03
1.071212390228587497e-03
1.400364591273860898e-03
1.150778217591772595e-03
1.170979185394792343e-03
1.297048256297932828e-03
1.106540209020134141e-03
