7.599732785092388337e-03
5.679317196824431452e-03
4.672935672091954595e-03
4.073070310299749253e-03
3.566774962381748931e-03
3.341983309409962688e-03
3.077349244754296748e-03
2.713279195999250548e-03
2.624635544135684589e-03
2.715583229717655200e-03
2.379071577421353750e-03
2.401090251440200080e-03
2.031268842895537358e-03
2.443363178189567747e-03
2.188445827155886120e-03
1.996450510498092024e-03
2.113232674622600449e-03
2.278828481277660190e-03
1.857743336349200469e-03
2.194640607192998444e-03
1.850435979849678059e-03
1.749296988066313674e-03
1.792569605567492785e-03
1.777214740837369800e-03
1.586922206885180153e-03
2.014689472951206040e-03
1.654463579810496604e-03
1.767820924315492009e-03
1.721657371498326594e-03
1.653169759846095238e-03
1.782531361717437646e-03
1.441881826125625266e-03
1.836584220918514865e-03
1.597448042042089872e-03
1.357652681775223941e-03
1.634244052335961928e-03
1.625939417348381405e-03
1.381375900474834245e-03
1.373745326485188711e-03
1.671281665648373382e-03
1.503201650537969863e-03
1.631301792403252321e-03
1.882645275257763262e-03
1.807462155739479603e-03
1.399079834511790521e-03
1.529069061050523232e-03
1.471857015924241119e-03
1.423429704497627263e-03
1.440912458792686923e-03
1.565843126251784123e-03
1.582584267921394866e-03
1.475872890956343025e-03
1.376502211479863069e-03
1.361664370860889151e-03
1.572508716904987003e-03
1.544661660749090115e-03
1.435327258174117632e-03
1.531493961557654770e-03
1.403632389890378807e-03
1.594661232117267069e-03
1.448850180545451644e-03
1.498383288462391827e-03
1.421465791293461539e-03
1.586235781425318625e-03
1.228844429852219561e-03
1.233293043197653677e-03
1.545227489566612655e-03
1.499312464312643062e-03
1.320274038656664428e-03
1.417252327964930309e-03
1.481716786379125989e-03
1.509914512449674062e-03
1.472483805211487889e-03
1.513425945935325395e-03
1.531719371336989766e-03
1.253768281399305490e-03
1.573378872316000959e-03
1.264166767069058173e-03
1.288806859091048279e-03
1.488573765682239813e-03
1.275251023516197485e-03
1.473314553038482938e-03
1.578109596487971278e-03
1.446243772742151351e-03
1.571333938312418493e-03
1.443509917140130272e-03
1.305619686004639429e-03
1.321045558086274968e-03
1.523200493361742680e-03
1.260167550387079199e-03
1.608988487846796378e-03
1.257020531039987343e-03
1.370887073064732536e-03
1.432564942872634889e-03
1.431712933341905414e-03
1.444486494062108967e-03
1.407049716794901706e-03
1.460589258576307919e-03
1.369947789816274714e-03
1.405797348491819032e-03
1.417340752519233998e-03
1.479425341395983889e-03
1.350219973594381923e-03
1.410186559164111619e-03
1.387563629536788662e-03
1.435562645508953183e-03
1.525328398094261823e-03
1.320928183297910563e-03
1.253280551625320788e-03
1.316449802903778971e-03
1.282887837806920978e-03
1.423503256263988770e-03
1.415278944813167655e-03
1.213350547620235809e-03
1.287289289841023199e-03
1.366113394292611111e-03
1.148029758564612229e-03
1.443757182708917813e-03
1.275296868557380947e-03
1.495244649627948397e-03
1.403128646091707926e-03
1.367287435939106011e-03
1.218719479602101141e-03
1.273059825887400132e-03
1.323505309951383130e-03
1.373730509619097012e-03
1.319709065017691391e-03
1.290532748859027357e-03
1.529087812117694428e-03
1.189422889139687967e-03
1.283239622690189596e-03
1.364891698657142577e-03
1.481526147737059068e-03
1.448390769105988019e-03
1.369480770549137694e-03
1.231746852410391113e-03
1.370916508668461320e-03
1.353594991662439295e-03
1.408407798603003580e-03
1.288628274491838976e-03
1.270495627816142781e-03
1.318296061144013515e-03
1.386363461913123901e-03
1.206591188906692286e-03
1.235367003830915855e-03
1.407328141974025643e-03
1.345752844403143300e-03
1.386819264197723667e-03
1.411306438638765259e-03
1.161374612516068855e-03
1.312186921014219659e-03
1.225912579060423752e-03
1.334416249374869440e-03
1.543772678246214947e-03
1.287627459885701958e-03
1.169569000323434499e-03
1.176320659827295029e-03
1.252340310207173540e-03
1.196368730187677420e-03
1.165089255924914302e-03
1.355199120256837114e-03
1.040641146633641129e-03
1.329488509507838895e-03
1.168426056566002069e-03
1.302767424213667480e-03
1.355012678720565050e-03
1.252710767961108529e-03
1.260756726844752817e-03
1.344235855620195402e-03
1.459885911901777356e-03
1.125681748578060554e-03
1.326499614746380618e-03
1.340422354818439354e-03
1.114915365174752593e-03
1.248597172365417673e-03
1.330367863186219385e-03
1.149076629908495767e-03
1.106509043092188116e-03
1.242660560185970126e-03
1.058135548064238068e-03
1.194123484759990889e-03
1.046592204867663467e-03
1.201604116709692471e-03
1.036639291263793256e-03
1.051857003026224896e-03
1.460406736905367486e-03
1.196165503423572696e-03
1.269680962583633055e-03
1.110722740571258582e-03
1.177798967488392218e-03
1.207380438551043655e-03
1.074395636980061269e-03
1.260549122453363119e-03
1.166462666041430396e-03
1.071212390228587497e-03
1.400364591273860898e-03
1.150778217591772595e-03
1.170979185394792343e-03
1.297048256297932828e-03
1.106540209020134141e-03
1.342603996574386060e-02
1.039397312459607384e-02
7.509388926134712844e-03
5.931636617983772342e-03
4.529575827062998911e-03
3.974857740642351311e-03
3.594755478397333726e-03
3.398711433883785243e-03
3.126840464871681602e-03
2.719803932681102293e-03
3.118607656318259091e-03
2.680493723262077771e-03
2.484960955802230365e-03
2.889604828847074786e-03
2.715617386208860062e-03
2.866525958343010827e-03
2.456235450486642102e-03
2.587563437835661145e-03
2.519975717288649303e-03
2.526239723372406681e-03
2.132431704351844814e-03
2.265724608658946371e-03
2.169350148230168168e-03
2.388785189135673309e-03
2.484211693288999184e-03
2.301252139809858294e-03
2.199001251202273299e-03
2.226219615971046506e-03
2.286035839515185297e-03
2.060590652355809294e-03
2.143694715985522414e-03
2.126627210441878191e-03
2.280335427665057535e-03
2.081639936749330594e-03
1.994353074515321789e-03
2.142345269017048581e-03
2.119864154999383937e-03
2.343300659965907862e-03
2.321026852469924850e-03
2.558868401134384990e-03
2.100639756953487369e-03
2.164125718422504896e-03
2.113404151972402695e-03
1.944263534445437452e-03
2.330003317362844967e-03
2.068214485408358116e-03
1.953320984900922680e-03
2.028164181937890803e-03
1.900513287430127818e-03
1.904363542102580770e-03
1.982148794622488885e-03
2.212000187449113947e-03
2.010561888953831672e-03
1.805559141147022872e-03
2.045476736299598614e-03
2.200365214531124769e-03
1.959516488644688637e-03
2.015528513493174134e-03
2.035476625769212095e-03
1.964080435498873067e-03
1.867880578942757164e-03
1.868495802305331077e-03
1.975666934032047073e-03
1.713831222656798242e-03
1.953441523425508003e-03
2.203645108634851718e-03
1.818796352669006106e-03
1.970991923731124640e-03
1.938063424525210410e-03
1.751760142570349399e-03
1.991248446168877168e-03
1.702153975100262340e-03
1.998301460246102584e-03
1.758606820322097808e-03
1.851841177512650316e-03
1.926712763140190493e-03
2.146328123412286765e-03
1.798132953285586783e-03
1.543770839802165173e-03
1.821143236954158445e-03
2.030270993682574410e-03
2.040090697030764316e-03
1.630197209062708014e-03
1.875765324354961017e-03
1.935289750648029605e-03
1.951992439957826730e-03
1.757984337890747262e-03
1.772934483586983273e-03
1.690493847956747731e-03
1.897691240565897025e-03
1.602245357349669358e-03
1.842982173118297429e-03
1.777539603253469602e-03
1.723264931493752317e-03
1.807959101324023432e-03
1.721151258804006629e-03
1.727709040527370538e-03
1.807114904065876271e-03
1.782234537846292405e-03
1.859078986319318005e-03
1.845888140621247675e-03
1.628915524227229211e-03
1.764321760345303330e-03
1.872958106568026193e-03
1.711297218355323918e-03
1.877068009630250556e-03
1.805685220975669636e-03
1.813114205859882311e-03
1.850733803458702587e-03
1.612100093955161351e-03
1.681952822238354239e-03
1.857244823897388764e-03
2.014698993672354999e-03
1.408939582161296278e-03
1.858190891256387284e-03
1.674061892455898370e-03
1.727014316002684763e-03
1.661232688464856638e-03
1.672191073539271849e-03
1.658493225272845983e-03
1.866824746336932794e-03
1.775835860689099766e-03
1.953008112270823715e-03
2.001714335839344105e-03
1.742626336651662000e-03
1.843312249905561251e-03
1.654028364606971446e-03
1.408690195324375366e-03
1.608809249772517880e-03
1.768229346959204057e-03
1.944455760574951425e-03
1.751043028274029689e-03
1.690141393028768424e-03
1.806392123656189869e-03
1.715000602051201806e-03
1.708612546676379490e-03
1.576654783769806251e-03
1.936191837737445687e-03
1.752477564528821807e-03
1.913743870824876486e-03
1.775064504298484724e-03
1.630014331520109050e-03
1.681611344590626389e-03
1.697635497666553223e-03
1.569398427138140456e-03
1.869712234442408999e-03
1.613577180691251611e-03
1.579544126491378569e-03
1.940407526616939188e-03
1.620371193100027946e-03
1.532758313825231811e-03
1.698044572958339743e-03
1.775255015450206975e-03
1.712596006911391855e-03
1.611657144780294371e-03
1.672301765536440832e-03
1.700277686110779340e-03
1.596970960398503420e-03
1.683481794495730183e-03
1.683581396263626045e-03
1.765424610789493448e-03
1.832420016950910696e-03
1.663716301553389010e-03
1.522760739051904483e-03
1.636180514181351242e-03
1.759487571439122267e-03
1.570211391781418248e-03
1.665018827257606915e-03
1.870308480997253525e-03
1.879267951236694018e-03
1.565004522661759406e-03
1.967769835518638072e-03
1.578222657416774449e-03
1.567098622326540402e-03
1.584054109247712977e-03
1.756213990185828688e-03
1.888288526949739171e-03
1.695137376440031263e-03
1.586423321484658339e-03
1.559601066163585764e-03
1.549420415953312730e-03
1.727338053043751820e-03
1.875566028527977241e-03
1.720145582623365532e-03
1.758182475579937037e-03
1.763767330598232236e-03
1.673187219702183121e-03
1.786383320459963148e-03
1.801234279694495510e-03
1.837197270583873498e-03
1.846023264712410433e-03
1.702383112771127527e-03
1.732986375890099157e-03
1.395642262176970128e-03
1.674656209462718065e-03
1.778737022952545099e-03
1.785272324761371515e-03
1.719191139562242093e-03
1.541014339927735538e-03
1.611584979712178678e-03
9.300812519135479711e-03
5.752049612245752758e-03
4.412890836387864391e-03
3.184164926559495540e-03
3.060966335130883148e-03
2.326904173570263495e-03
2.099022091485467506e-03
2.112218629164594463e-03
2.057967287729122602e-03
1.978559039952299675e-03
2.101776247527057523e-03
2.088678762692718072e-03
1.824893024849380541e-03
1.880407943145350619e-03
2.025952460132436628e-03
1.920079725578713314e-03
1.854715949655239698e-03
1.824923001685969937e-03
1.694910969063354728e-03
1.770510693543413117e-03
1.806425888918019446e-03
1.945362986997906107e-03
1.598570094224538440e-03
1.754301462290924069e-03
1.601160273813982682e-03
1.722489093381324166e-03
1.845976412259690835e-03
1.611691414848164666e-03
1.599988927923946119e-03
1.763454402305918850e-03
1.888169502092286456e-03
1.847803184754488043e-03
1.763552320137921209e-03
1.673870659113632642e-03
1.701249184091348232e-03
1.688665185337459573e-03
1.520947192490556404e-03
1.799027364739198831e-03
1.547016860599419869e-03
1.524994906571573022e-03
1.628840403575176204e-03
1.685464828854038588e-03
1.574170102160384055e-03
1.524926653632577983e-03
1.729890541689999700e-03
1.596791224160280798e-03
1.639119870816455049e-03
1.820678661763327350e-03
1.569630205886674706e-03
1.587706557264020879e-03
1.482371336886251223e-03
1.574903311246819010e-03
1.663561421039259913e-03
1.639220104978210413e-03
1.682608593501937200e-03
1.620903239338982588e-03
1.665061419134764020e-03
1.513989023196698341e-03
1.600003814204688929e-03
1.575322150628836321e-03
1.497719819876886654e-03
1.505161152056337659e-03
1.429392019139660158e-03
1.439055205456181430e-03
1.333726957051362128e-03
1.510974724960627985e-03
1.559405694896584538e-03
1.639985668893482323e-03
1.708841886799226939e-03
1.545012121030826108e-03
1.505022114165976976e-03
1.721349468965304580e-03
1.493518939605243540e-03
1.573518382468601373e-03
1.567373465222177131e-03
1.442893435231924065e-03
1.611572353466112634e-03
1.539683441140804465e-03
1.509100561677766128e-03
1.459436694717111682e-03
1.322671277163720016e-03
1.530211477584988988e-03
1.494087161318186086e-03
1.518358924352959660e-03
1.424830858749313173e-03
1.356389351392241205e-03
1.441799280082627782e-03
1.620892124807028073e-03
1.432340184800144633e-03
1.653485302507976679e-03
1.592605400843379732e-03
1.474938309318045426e-03
1.557892265172944324e-03
1.559728563256840284e-03
1.381460433885834532e-03
1.499178644998971216e-03
1.389290858019424230e-03
1.722333009555168659e-03
1.413151577627669297e-03
1.644562973498884390e-03
1.453026410226113119e-03
1.510815428231511437e-03
1.253224203136883014e-03
1.559615377339323289e-03
1.553779653472281419e-03
1.359836854288257874e-03
1.366483755567995256e-03
1.310766175654745624e-03
1.599696518783482596e-03
1.488620403500843375e-03
1.494785838742091616e-03
1.457624111223486396e-03
1.452756147005636322e-03
1.490569789393589306e-03
1.797970039436696393e-03
1.558351018484987333e-03
1.271453179516754406e-03
1.315832171529956324e-03
1.474323562750186334e-03
1.388469728557346211e-03
1.377360756513137940e-03
1.488350576165191341e-03
1.382010685149741985e-03
1.506141387986117963e-03
1.481357439048976848e-03
1.413585511678760315e-03
1.420582210064098155e-03
1.367227253296746797e-03
1.454196090175826489e-03
1.506952331007678503e-03
1.372129312027653425e-03
1.288948201363396273e-03
1.355248698111408828e-03
1.442334370203860600e-03
1.524121397892170410e-03
1.201504029329794609e-03
1.491631917286996567e-03
1.534611909234203514e-03
1.457671845036381808e-03
1.441573678750286691e-03
1.532536047554416275e-03
1.517123175297882542e-03
1.345964917157160823e-03
1.405515567274320810e-03
1.525164212558636351e-03
1.650375090447114140e-03
1.546533622425721316e-03
1.561055300587279454e-03
1.358365284527911915e-03
1.514553043920147113e-03
1.547845521389260709e-03
1.306708690594710065e-03
1.465194063047722817e-03
1.303955726317952701e-03
1.397348990973559801e-03
1.447107356171158099e-03
1.263408410763604273e-03
1.352342487175105246e-03
1.362176979702839352e-03
1.242076995746046325e-03
1.398470470374269664e-03
1.544581859776499727e-03
1.443884831142477204e-03
1.460579298705314000e-03
1.184459888223278468e-03
1.514653587732707474e-03
1.564250282542541115e-03
1.357294618434326527e-03
1.475788485911507658e-03
1.573643313938298538e-03
1.484337384763244339e-03
1.660428403087388372e-03
1.253687557851598106e-03
1.270526117709929598e-03
1.351595693568033441e-03
1.406705155880011437e-03
1.357536682802876205e-03
1.525248991853776076e-03
1.356769503722779491e-03
1.281647311052812321e-03
1.321027562411383749e-03
1.349071461936610788e-03
1.284502353859073853e-03
1.474226944408092016e-03
1.412542939018969490e-03
1.361328118325240422e-03
1.387176135338147320e-03
1.348395788329133371e-03
1.462145442326399231e-03
1.477631410381444188e-03
1.405904763252911749e-03
1.436412212717969733e-03
1.269347330314245237e-03
1.369831163898806159e-03
1.392799392556615806e-03
1.310228196047563687e-03
1.447370324017566157e-03
1.470846410726745629e-03
1.357093861379762845e-03
1.222048034535898331e-03
7.273478404248533841e-03
5.005751896808401102e-03
4.355587079792139216e-03
3.465903582733909083e-03
3.100667992623248881e-03
2.687900666365851399e-03
2.594610145922049416e-03
2.382766791175699311e-03
2.492313511283334587e-03
2.311212634616713335e-03
2.254710828913528142e-03
2.128155127331728125e-03
2.116927743696508241e-03
1.801622420234027383e-03
2.133706786648266462e-03
1.590861591824546672e-03
2.013680769593063219e-03
1.638907957811484850e-03
1.401584437633933422e-03
1.945962579636403844e-03
1.544777150639144170e-03
1.555017252203950984e-03
1.597197221725868421e-03
1.815856123053918858e-03
1.747871180114223683e-03
1.435149249598206833e-03
1.760488192186545481e-03
1.607719100623176967e-03
1.324112286548894540e-03
1.571839303100223961e-03
1.510591118997151039e-03
1.379640913468038743e-03
1.435013718794769105e-03
1.533265201201314959e-03
1.372798757854908763e-03
1.395178745961362515e-03
1.432314134572367642e-03
1.218360544079661462e-03
1.193441096339769442e-03
1.433266954607635008e-03
1.276004378640900605e-03
1.591452826836370349e-03
1.472141387631145659e-03
1.326810391444770143e-03
1.447446495130094712e-03
1.200362674530608409e-03
1.340767170559392651e-03
1.274829086432179015e-03
1.334342435414765521e-03
1.282591062509722685e-03
1.437665034115145901e-03
1.291351415869841646e-03
1.299631673056474146e-03
1.356088399991305787e-03
1.312937787291929698e-03
1.292996260559724220e-03
1.316030981354725932e-03
1.348333098738784680e-03
1.386841854491178971e-03
1.298069231230755682e-03
1.154213715666835977e-03
1.360073708266348186e-03
1.367394436842538780e-03
1.325156460322138990e-03
1.318625598914307390e-03
1.260057740846212693e-03
1.235252858297768846e-03
1.269492473813894906e-03
1.443577239246131294e-03
1.222729821914854409e-03
1.373679642064990630e-03
1.237027827851899797e-03
1.258057909142077518e-03
1.280647550274873619e-03
1.394245983114567738e-03
1.269902106521971635e-03
1.196926339104176229e-03
1.270353316480260508e-03
1.555600685521123239e-03
1.288408821271201654e-03
1.246998892264011838e-03
1.308152454839808104e-03
1.349009387784989855e-03
1.224536802211600994e-03
1.303877226661580291e-03
1.220472685357618103e-03
1.383948675905518483e-03
1.308650865572143218e-03
1.391947064816108359e-03
1.233880704889916968e-03
1.112424308941716705e-03
1.195212387211173899e-03
1.380254693637044533e-03
1.339412897123398033e-03
1.292949188109342173e-03
1.288747161670506652e-03
1.130317361141473104e-03
1.328925653487460223e-03
1.267385398216688136e-03
1.158054884599486051e-03
1.264454433519166671e-03
1.218263059426006462e-03
1.318235906144233499e-03
1.402099055591372184e-03
1.205091418539566001e-03
1.459549800178771423e-03
1.282690520609749280e-03
1.318050137627754109e-03
1.220378082954932247e-03
1.134937189021981152e-03
1.277106240442658913e-03
1.441823472821283925e-03
1.074989948724139333e-03
1.314714196445694594e-03
1.224331239929678933e-03
1.385664435277125101e-03
1.519810624760954687e-03
1.268164267008316942e-03
1.250760304031522246e-03
1.372992059504828111e-03
1.196121538422634245e-03
1.254983443526452858e-03
1.185175769636125781e-03
1.183973833138889098e-03
1.153798246906083402e-03
1.287838862843330989e-03
1.265118780449794172e-03
1.225152350816657160e-03
1.333997466688302547e-03
1.215351070291744578e-03
1.257983994261132471e-03
1.207496975515056498e-03
1.310081841808780068e-03
1.257557058390163657e-03
1.299775305665162861e-03
1.220100585483704925e-03
1.207500408777668205e-03
1.225727115240129311e-03
1.192275336813312936e-03
1.153590139455391156e-03
1.228905820031732377e-03
1.302670325527690437e-03
1.307797392446227724e-03
1.169616902867841313e-03
1.178485883133864598e-03
1.261862567958158682e-03
1.446609095769036540e-03
1.091304092782734159e-03
1.034765950703737947e-03
1.463927087262034687e-03
1.421233449793005837e-03
1.157965999757374492e-03
1.268374674254592327e-03
1.156287718658995795e-03
1.125858488632149046e-03
1.332103477556620397e-03
1.177288817094661322e-03
1.095748766267157920e-03
1.128547390912598009e-03
1.318675393024500153e-03
1.235374882182144196e-03
1.098576952187312050e-03
1.223966718066449993e-03
1.202576565428575828e-03
9.500403029787697629e-04
1.278880623631288571e-03
1.283988395984005798e-03
1.193248789394509013e-03
1.297342661735863961e-03
1.331445126314091676e-03
1.266831490142505956e-03
1.376134875555171111e-03
1.317871065801102387e-03
1.178226077491267842e-03
1.133186059169767612e-03
1.263512012654680744e-03
1.110874711589528163e-03
1.309063392764316797e-03
1.134670899981531089e-03
1.141007126993175830e-03
1.228476255927014871e-03
1.225851090561318885e-03
1.231042867215190184e-03
1.145832369229975861e-03
1.240199094285805714e-03
1.248908079278771011e-03
9.980043999751851691e-04
1.111444243085304984e-03
1.305573012353913875e-03
1.201098998559128883e-03
1.204965210008710624e-03
1.233412284780119328e-03
1.206794365486110743e-03
1.158467169445207695e-03
1.100056285651622445e-03
1.153677679607792439e-03
1.197119887767432445e-03
1.197960127892465365e-03
1.437279999489660814e-03
1.308098473992044125e-03
7.253767862401734601e-03
4.900585140089772085e-03
3.776100841706084288e-03
3.234381509607395927e-03
2.879643910370530135e-03
2.651053388809256062e-03
2.512201406282724842e-03
2.786384074424309854e-03
2.398767353591013674e-03
2.543312264883745843e-03
2.524256086752742906e-03
1.993589559068389278e-03
2.126861550695101355e-03
2.003328573628209569e-03
1.812657033236519943e-03
1.875397818429477836e-03
1.833734897969681310e-03
1.783673713683889273e-03
1.827110430138424724e-03
1.831786280508125586e-03
1.759272837289237168e-03
1.787786149833256455e-03
1.613607628739251176e-03
1.706423004079884315e-03
1.708684544655166698e-03
1.644089487861426224e-03
1.853224835168622298e-03
1.661509643555610094e-03
1.771624985559275972e-03
1.891443357398252950e-03
1.993478905447366306e-03
1.815788469502151170e-03
1.936661516541739181e-03
1.708958683889195279e-03
1.691840014220340194e-03
1.613627264565414138e-03
1.676414653625817736e-03
1.667656639091730925e-03
1.592710542790899686e-03
1.512947533341409828e-03
1.677711653318675333e-03
1.534865210000829067e-03
1.955634986946185733e-03
1.458854770780695226e-03
1.704376171650534566e-03
1.774314318814980418e-03
1.688790099480180079e-03
1.648544493880889361e-03
1.640156848292193686e-03
1.709638425761654534e-03
1.765042341869672848e-03
1.781519058716363874e-03
1.438449367776824250e-03
1.438983306673014689e-03
1.479762983399395687e-03
1.580200602370154112e-03
1.479198420825816179e-03
1.498446699771414925e-03
1.492695300476746395e-03
1.682876230119808442e-03
1.519415003734810726e-03
1.565164710302237999e-03
1.675689468100004242e-03
1.555917765159228056e-03
1.701775981846620489e-03
1.531144288846195134e-03
1.653764153089674893e-03
1.428900380515303603e-03
1.655814468405864687e-03
1.266747736045157474e-03
1.594798001519008579e-03
1.421526497310400539e-03
1.402857467659699570e-03
1.592268895649579658e-03
1.560732418296975621e-03
1.380772846498429240e-03
1.265896941750933175e-03
1.442912177480409897e-03
1.419439293177324202e-03
1.534227071738711312e-03
1.207934169975236061e-03
1.326988195748446397e-03
1.374752914946340832e-03
1.612998455569031320e-03
1.425048009465818694e-03
1.418658810409749449e-03
1.228786282916664863e-03
1.307896151501924953e-03
1.261517257759792870e-03
1.320256613548554531e-03
1.206832698608120702e-03
1.294192587512569409e-03
1.199698733892952396e-03
1.113118816587741616e-03
1.157366437771312206e-03
1.241184381135091580e-03
1.134221028035269779e-03
1.340627795241022824e-03
1.310793693220232287e-03
1.232907116782668705e-03
1.229519942155744144e-03
1.381151519491981283e-03
1.088238719824632245e-03
1.333051603483102060e-03
9.494470050926996640e-04
1.275330835508087929e-03
1.126781470359296961e-03
1.030903372484601871e-03
1.385196780147448375e-03
1.209380630066550499e-03
1.117513479903031043e-03
1.261941369532615376e-03
1.160574534406245972e-03
1.177875688780197910e-03
1.336512979982877602e-03
1.066204169043603184e-03
1.316838603779322409e-03
1.151072308329951360e-03
1.344703830612425238e-03
1.198829135388927714e-03
1.110648249083787120e-03
1.184225192453723652e-03
1.060648838489317014e-03
1.145934642244869628e-03
1.191986276955384755e-03
1.055300906278904688e-03
1.112374750587879352e-03
9.845574599708119268e-04
9.649847476637697652e-04
1.132581070948192326e-03
1.106310817050971257e-03
1.169464999125763294e-03
1.172381910111722214e-03
1.022885042644687548e-03
1.090489856079082664e-03
1.187820134194151472e-03
1.100572537707879273e-03
1.140920265530354777e-03
1.265750330642856358e-03
1.300668972938980733e-03
1.173296178860600697e-03
1.129585268307736062e-03
1.106534653542504132e-03
1.210891206409703963e-03
1.227725225700568301e-03
1.251013071640307006e-03
1.081282359827642758e-03
1.274262404609854266e-03
1.029163087539943650e-03
1.113047333513843967e-03
1.075189057359843270e-03
1.248760803131163805e-03
9.584177185993948689e-04
1.280101197985078487e-03
1.230440769111874194e-03
1.154359270945926053e-03
1.102389885793787772e-03
1.037168280286594052e-03
1.045907466469694902e-03
9.887066529782988222e-04
1.281117894313957978e-03
1.113558569115970232e-03
9.996185474151382533e-04
9.866290283675333006e-04
1.245322188693671894e-03
1.182491962723859757e-03
1.249481249162052304e-03
1.036082471655170451e-03
9.256404234778969897e-04
1.144673799538836745e-03
1.102643885417458475e-03
1.102339367884223875e-03
1.173376775228694019e-03
1.188314814295852312e-03
1.202436548843086733e-03
1.115654929611572393e-03
1.199838787482955527e-03
1.099303478549227414e-03
1.152521117448332411e-03
1.190986522145720539e-03
1.023382349974802374e-03
1.183175037432617621e-03
1.091309913329813197e-03
1.117394872660111560e-03
1.251008712428280933e-03
1.080090889093700268e-03
1.099765488767712879e-03
1.220112144715165825e-03
1.192478885914245029e-03
1.296105998963271999e-03
1.168359253520625390e-03
1.128056192806359964e-03
1.309903858939441557e-03
1.079045120110616596e-03
1.124803318289367693e-03
1.233844782012841201e-03
1.263269771993705964e-03
1.192072643021017259e-03
1.411444264766525958e-03
1.018909144699084446e-03
7.400389334486747600e-03
4.772495436512959321e-03
4.042504928353132798e-03
3.575758324640875008e-03
3.350364979920403274e-03
2.702794731130584577e-03
2.616916536163992058e-03
2.634625910236783330e-03
2.370183229661829150e-03
2.366818924559054016e-03
2.244388565238814026e-03
2.290581874337210139e-03
2.109101311065550433e-03
2.059109796098031187e-03
2.122022563001896289e-03
2.318508511106168180e-03
2.069718532253718435e-03
1.986586673709336837e-03
1.728140863362703783e-03
2.065951523922880673e-03
1.995330369772688184e-03
2.162854309569237077e-03
2.066816875029610368e-03
1.840504794484235096e-03
1.981523500938883048e-03
1.581057697490242941e-03
1.634033544722423431e-03
1.648773748677046652e-03
1.973269054799765138e-03
1.612276804006919362e-03
1.453149930020006253e-03
1.712050414897321043e-03
1.660923680606631730e-03
1.580225571788624467e-03
1.290457872550273416e-03
1.497577509013886532e-03
1.489791591171716473e-03
1.338635720444687760e-03
1.536284719189665027e-03
1.473961149779427771e-03
1.570196610996710956e-03
1.254175133934044145e-03
1.177646298985986217e-03
1.104527433460018859e-03
1.176319057443961369e-03
1.224319021669813268e-03
1.292303597306695279e-03
1.314923653706393664e-03
1.086276393836117099e-03
1.159412266039310663e-03
1.406148026265579415e-03
1.174254463766736395e-03
1.276006134122008306e-03
1.238693530421490496e-03
1.379063114560891840e-03
1.244216179191074551e-03
1.095884872182095737e-03
1.272774632010927054e-03
1.132951326435628625e-03
1.119476811974665781e-03
1.160144367739816135e-03
9.547469686510753895e-04
1.078561508157608456e-03
1.103753427650351615e-03
1.089998320912173579e-03
1.025933428169218536e-03
1.123232181491788662e-03
1.139893149439775988e-03
1.050873305456622581e-03
1.225833311857167651e-03
1.278383896228793559e-03
1.132445874117357643e-03
1.165443232148496988e-03
1.131807885588129170e-03
9.909241466851508029e-04
1.083675331391004137e-03
1.194976925331953793e-03
1.187004149628963917e-03
1.320108260855254456e-03
1.229559515060187069e-03
1.226762016603315242e-03
1.115849184515262799e-03
1.097233226648366283e-03
9.650433756175670619e-04
9.978352829446285321e-04
1.091951465858293641e-03
1.013167558966708570e-03
1.130984844684625873e-03
1.137880472036764679e-03
1.261897709372152704e-03
1.115850276988385181e-03
1.242784944746416764e-03
1.261873413527899584e-03
1.106154471126389455e-03
1.062098125848398578e-03
1.303789519966631893e-03
1.200070940515544915e-03
1.343188921849144263e-03
1.062513670886288536e-03
1.141003878409600075e-03
1.038622141504644270e-03
1.060273513635048154e-03
1.126961348290590054e-03
1.261614156643959400e-03
1.169778613435042136e-03
1.169448270735132245e-03
1.165983099043477189e-03
1.033700186731607851e-03
1.158994976401057225e-03
1.184475963412687238e-03
1.032527816870177501e-03
1.079086811926886769e-03
1.236245980394099636e-03
1.061693974192888523e-03
1.135214419663646557e-03
1.131279983792303490e-03
1.084803042452599231e-03
1.057741097820932841e-03
1.156309661240813302e-03
1.038347904823530565e-03
1.236823728750613416e-03
1.040382795247325742e-03
1.057051309853552362e-03
1.219423729137809886e-03
1.208378573839895276e-03
1.086193906934700137e-03
1.195643968671413621e-03
1.114113648159661268e-03
1.117986978454426489e-03
1.230114168725024437e-03
1.216116995060152056e-03
1.286968117552550472e-03
1.015501837522980039e-03
1.019631308292606731e-03
1.188329598484971772e-03
1.153079689984567308e-03
1.139542466467319964e-03
1.281886656534791252e-03
1.152306596571832376e-03
1.009720415646987723e-03
1.199960171625713556e-03
9.903909661350233928e-04
1.074620328570360245e-03
1.042197303161535721e-03
9.850462327543954566e-04
1.007065979715622561e-03
1.334201723528716244e-03
1.147611060752038586e-03
1.047228563080978420e-03
1.136218870831390976e-03
1.169540944116548992e-03
1.162338836929219243e-03
1.127079879562571663e-03
1.044537730411361498e-03
9.553451660038354831e-04
1.080745930753006928e-03
1.227538040802021724e-03
1.120180159692615168e-03
1.119465297443569818e-03
1.104113419159721138e-03
1.023888384222133852e-03
1.206445027482488941e-03
1.024920479120807609e-03
1.069818291722091086e-03
1.175023047516193103e-03
1.107083915753342973e-03
1.006913506184238527e-03
1.106939745882499354e-03
1.246537243523096472e-03
1.052879488740422753e-03
1.212222331830187239e-03
9.934104710050302434e-04
1.243510454191170539e-03
1.017794070751004698e-03
9.754538851198396587e-04
1.142091790418849756e-03
1.239526334469095992e-03
1.366822941246657180e-03
1.136934502584022177e-03
1.138093496828900680e-03
1.103388947101387185e-03
1.167912763727112918e-03
1.173801276622046807e-03
1.018729990829577575e-03
1.181288768926341826e-03
9.615900465900079075e-04
1.278829902529018958e-03
1.129955969612184141e-03
1.156284242003778606e-03
1.200444784152588512e-03
1.085305775411406909e-03
1.210982057242980525e-03
1.109721666152065078e-03
1.243944409683200858e-03
1.159682299500322533e-03
1.208922365931598686e-03
1.210024674402197797e-03
1.144309912302465815e-03
1.043157640106321532e-03
1.064905562610223705e-03
