7.599732785092388337e-03
5.679317196824431452e-03
4.672935672091954595e-03
4.073070310299749253e-03
3.566774962381748931e-03
3.341983309409962688e-03
3.077349244754296748e-03
2.713279195999250548e-03
2.624635544135684589e-03
2.715583229717655200e-03
2.379071577421353750e-03
2.401090251440200080e-03
2.031268842895537358e-03
2.443363178189567747e-03
2.188445827155886120e-03
1.996450510498092024e-03
2.113232674622600449e-03
2.278828481277660190e-03
1.857743336349200469e-03
2.194640607192998444e-03
1.850435979849678059e-03
1.749296988066313674e-03
1.792569605567492785e-03
1.777214740837369800e-03
1.586922206885180153e-03
2.014689472951206040e-03
1.654463579810496604e-03
1.767820924315492009e-03
1.721657371498326594e-03
1.653169759846095238e-03
1.782531361717437646e-03
1.441881826125625266e-03
1.836584220918514865e-03
1.597448042042089872e-03
1.357652681775223941e-03
1.634244052335961928e-03
1.625939417348381405e-03
1.381375900474834245e-03
1.373745326485188711e-03
1.671281665648373382e-03
1.503201650537969863e-03
1.631301792403252321e-03
1.882645275257763262e-03
1.807462155739479603e-03
1.399079834511790521e-03
1.529069061050523232e-03
1.471857015924241119e-03
1.423429704497627263e-03
1.440912458792686923e-03
1.565843126251784123e-03
1.582584267921394866e-03
1.475872890956343025e-03
1.376502211479863069e-03
1.361664370860889151e-03
1.572508716904987003e-03
1.544661660749090115e-03
1.435327258174117632e-03
1.531493961557654770e-03
1.403632389890378807e-03
1.594661232117267069e-03
1.448850180545451644e-03
1.498383288462391827e-03
1.421465791293461539e-03
1.586235781425318625e-03
1.228844429852219561e-03
1.233293043197653677e-03
1.545227489566612655e-03
1.499312464312643062e-03
1.320274038656664428e-03
1.417252327964930309e-03
1.481716786379125989e-03
1.509914512449674062e-03
1.472483805211487889e-03
1.513425945935325395e-03
1.531719371336989766e-03
1.253768281399305490e-03
1.573378872316000959e-03
1.264166767069058173e-03
1.288806859091048279e-03
1.488573765682239813e-03
1.275251023516197485e-03
1.473314553038482938e-03
1.578109596487971278e-03
1.446243772742151351e-03
1.571333938312418493e-03
1.443509917140130272e-03
1.305619686004639429e-03
1.321045558086274968e-03
1.523200493361742680e-03
1.260167550387079199e-03
1.608988487846796378e-03
1.257020531039987343e-03
1.370887073064732536e-03
1.432564942872634889e-03
1.431712933341905414e-03
1.444486494062108967e-03
1.407049716794901706e-03
1.460589258576307919e-03
1.369947789816274714e-03
1.405797348491819032e-03
1.417340752519233998e-03
1.479425341395983889e-03
1.350219973594381923e-03
1.410186559164111619e-03
1.387563629536788662e-03
1.435562645508953183e-03
1.525328398094261823e-03
1.320928183297910563e-03
1.253280551625320788e-03
1.316449802903778971e-03
1.282887837806920978e-03
1.423503256263988770e-03
1.415278944813167655e-03
1.213350547620235809e-03
1.287289289841023199e-03
1.366113394292611111e-03
1.148029758564612229e-03
1.443757182708917813e-03
1.275296868557380947e-03
1.495244649627948397e-03
1.403128646091707926e-03
1.367287435939106011e-03
1.218719479602101141e-03
1.273059825887400132e-03
1.323505309951383130e-03
1.373730509619097012e-03
1.319709065017691391e-03
1.290532748859027357e-03
1.529087812117694428e-03
1.189422889139687967e-03
1.283239622690189596e-03
1.364891698657142577e-03
1.481526147737059068e-03
1.448390769105988019e-03
1.369480770549137694e-03
1.231746852410391113e-03
1.370916508668461320e-03
1.353594991662439295e-03
1.408407798603003580e-03
1.288628274491838976e-03
1.270495627816142781e-03
1.318296061144013515e-03
1.386363461913123901e-03
1.206591188906692286e-03
1.235367003830915855e-03
1.407328141974025643e-03
1.345752844403143300e-03
1.386819264197723667e-03
1.411306438638765259e-03
1.161374612516068855e-03
1.312186921014219659e-03
1.225912579060423752e-03
1.334416249374869440e-03
1.543772678246214947e-03
1.287627459885701958e-03
1.169569000323434499e-03
1.176320659827295029e-03
1.252340310207173540e-03
1.196368730187677420e-03
1.165089255924914302e-03
1.355199120256837114e-03
1.040641146633641129e-03
1.329488509507838895e-03
1.168426056566002069e-03
1.302767424213667480e-03
1.355012678720565050e-03
1.252710767961108529e-03
1.260756726844752817e-03
1.344235855620195402e-03
1.459885911901777356e-03
1.125681748578060554e-03
1.326499614746380618e-03
1.340422354818439354e-03
1.114915365174752593e-03
1.248597172365417673e-03
1.330367863186219385e-03
1.149076629908495767e-03
1.106509043092188116e-03
1.242660560185970126e-03
1.058135548064238068e-03
1.194123484759990889e-03
1.046592204867663467e-03
1.201604116709692471e-03
1.036639291263793256e-03
1.051857003026224896e-03
1.460406736905367486e-03
1.196165503423572696e-03
1.269680962583633055e-03
1.110722740571258582e-03
1.177798967488392218e-03
1.207380438551043655e-03
1.074395636980061269e-03
1.260549122453363119e-03
1.166462666041430396e-03
1.071212390228587497e-03
1.400364591273860898e-03
1.150778217591772595e-03
1.170979185394792343e-03
1.297048256297932828e-03
1.106540209020134141e-03
1.342603996574386060e-02
1.039397312459607384e-02
7.509388926134712844e-03
5.931636617983772342e-03
4.529575827062998911e-03
3.974857740642351311e-03
3.594755478397333726e-03
3.398711433883785243e-03
3.126840464871681602e-03
2.719803932681102293e-03
3.118607656318259091e-03
2.680493723262077771e-03
2.484960955802230365e-03
2.889604828847074786e-03
2.715617386208860062e-03
2.866525958343010827e-03
2.456235450486642102e-03
2.587563437835661145e-03
2.519975717288649303e-03
2.526239723372406681e-03
2.132431704351844814e-03
2.265724608658946371e-03
2.169350148230168168e-03
2.388785189135673309e-03
2.484211693288999184e-03
2.301252139809858294e-03
2.199001251202273299e-03
2.226219615971046506e-03
2.286035839515185297e-03
2.060590652355809294e-03
2.143694715985522414e-03
2.126627210441878191e-03
2.280335427665057535e-03
2.081639936749330594e-03
1.994353074515321789e-03
2.142345269017048581e-03
2.119864154999383937e-03
2.343300659965907862e-03
2.321026852469924850e-03
2.558868401134384990e-03
2.100639756953487369e-03
2.164125718422504896e-03
2.113404151972402695e-03
1.944263534445437452e-03
2.330003317362844967e-03
2.068214485408358116e-03
1.953320984900922680e-03
2.028164181937890803e-03
1.900513287430127818e-03
1.904363542102580770e-03
1.982148794622488885e-03
2.212000187449113947e-03
2.010561888953831672e-03
1.805559141147022872e-03
2.045476736299598614e-03
2.200365214531124769e-03
1.959516488644688637e-03
2.015528513493174134e-03
2.035476625769212095e-03
1.964080435498873067e-03
1.867880578942757164e-03
1.868495802305331077e-03
1.975666934032047073e-03
1.713831222656798242e-03
1.953441523425508003e-03
2.203645108634851718e-03
1.818796352669006106e-03
1.970991923731124640e-03
1.938063424525210410e-03
1.751760142570349399e-03
1.991248446168877168e-03
1.702153975100262340e-03
1.998301460246102584e-03
1.758606820322097808e-03
1.851841177512650316e-03
1.926712763140190493e-03
2.146328123412286765e-03
1.798132953285586783e-03
1.543770839802165173e-03
1.821143236954158445e-03
2.030270993682574410e-03
2.040090697030764316e-03
1.630197209062708014e-03
1.875765324354961017e-03
1.935289750648029605e-03
1.951992439957826730e-03
1.757984337890747262e-03
1.772934483586983273e-03
1.690493847956747731e-03
1.897691240565897025e-03
1.602245357349669358e-03
1.842982173118297429e-03
1.777539603253469602e-03
1.723264931493752317e-03
1.807959101324023432e-03
1.721151258804006629e-03
1.727709040527370538e-03
1.807114904065876271e-03
1.782234537846292405e-03
1.859078986319318005e-03
1.845888140621247675e-03
1.628915524227229211e-03
1.764321760345303330e-03
1.872958106568026193e-03
1.711297218355323918e-03
1.877068009630250556e-03
1.805685220975669636e-03
1.813114205859882311e-03
1.850733803458702587e-03
1.612100093955161351e-03
1.681952822238354239e-03
1.857244823897388764e-03
2.014698993672354999e-03
1.408939582161296278e-03
1.858190891256387284e-03
1.674061892455898370e-03
1.727014316002684763e-03
1.661232688464856638e-03
1.672191073539271849e-03
1.658493225272845983e-03
1.866824746336932794e-03
1.775835860689099766e-03
1.953008112270823715e-03
2.001714335839344105e-03
1.742626336651662000e-03
1.843312249905561251e-03
1.654028364606971446e-03
1.408690195324375366e-03
1.608809249772517880e-03
1.768229346959204057e-03
1.944455760574951425e-03
1.751043028274029689e-03
1.690141393028768424e-03
1.806392123656189869e-03
1.715000602051201806e-03
1.708612546676379490e-03
1.576654783769806251e-03
1.936191837737445687e-03
1.752477564528821807e-03
1.913743870824876486e-03
1.775064504298484724e-03
1.630014331520109050e-03
1.681611344590626389e-03
1.697635497666553223e-03
1.569398427138140456e-03
1.869712234442408999e-03
1.613577180691251611e-03
1.579544126491378569e-03
1.940407526616939188e-03
1.620371193100027946e-03
1.532758313825231811e-03
1.698044572958339743e-03
1.775255015450206975e-03
1.712596006911391855e-03
1.611657144780294371e-03
1.672301765536440832e-03
1.700277686110779340e-03
1.596970960398503420e-03
1.683481794495730183e-03
1.683581396263626045e-03
1.765424610789493448e-03
1.832420016950910696e-03
1.663716301553389010e-03
1.522760739051904483e-03
1.636180514181351242e-03
1.759487571439122267e-03
1.570211391781418248e-03
1.665018827257606915e-03
1.870308480997253525e-03
1.879267951236694018e-03
1.565004522661759406e-03
1.967769835518638072e-03
1.578222657416774449e-03
1.567098622326540402e-03
1.584054109247712977e-03
1.756213990185828688e-03
1.888288526949739171e-03
1.695137376440031263e-03
1.586423321484658339e-03
1.559601066163585764e-03
1.549420415953312730e-03
1.727338053043751820e-03
1.875566028527977241e-03
1.720145582623365532e-03
1.758182475579937037e-03
1.763767330598232236e-03
1.673187219702183121e-03
1.786383320459963148e-03
1.801234279694495510e-03
1.837197270583873498e-03
1.846023264712410433e-03
1.702383112771127527e-03
1.732986375890099157e-03
1.395642262176970128e-03
1.674656209462718065e-03
1.778737022952545099e-03
1.785272324761371515e-03
1.719191139562242093e-03
1.541014339927735538e-03
1.611584979712178678e-03
9.300812519135479711e-03
5.752049612245752758e-03
4.412890836387864391e-03
3.184164926559495540e-03
3.060966335130883148e-03
2.326904173570263495e-03
2.099022091485467506e-03
2.112218629164594463e-03
2.057967287729122602e-03
1.978559039952299675e-03
2.101776247527057523e-03
2.088678762692718072e-03
1.824893024849380541e-03
1.880407943145350619e-03
2.025952460132436628e-03
1.920079725578713314e-03
1.854715949655239698e-03
1.824923001685969937e-03
1.694910969063354728e-03
1.770510693543413117e-03
1.806425888918019446e-03
1.945362986997906107e-03
1.598570094224538440e-03
1.754301462290924069e-03
1.601160273813982682e-03
1.722489093381324166e-03
1.845976412259690835e-03
1.611691414848164666e-03
1.599988927923946119e-03
1.763454402305918850e-03
1.888169502092286456e-03
1.847803184754488043e-03
1.763552320137921209e-03
1.673870659113632642e-03
1.701249184091348232e-03
1.688665185337459573e-03
1.520947192490556404e-03
1.799027364739198831e-03
1.547016860599419869e-03
1.524994906571573022e-03
1.628840403575176204e-03
1.685464828854038588e-03
1.574170102160384055e-03
1.524926653632577983e-03
1.729890541689999700e-03
1.596791224160280798e-03
1.639119870816455049e-03
1.820678661763327350e-03
1.569630205886674706e-03
1.587706557264020879e-03
1.482371336886251223e-03
1.574903311246819010e-03
1.663561421039259913e-03
1.639220104978210413e-03
1.682608593501937200e-03
1.620903239338982588e-03
1.665061419134764020e-03
1.513989023196698341e-03
1.600003814204688929e-03
1.575322150628836321e-03
1.497719819876886654e-03
1.505161152056337659e-03
1.429392019139660158e-03
1.439055205456181430e-03
1.333726957051362128e-03
1.510974724960627985e-03
1.559405694896584538e-03
1.639985668893482323e-03
1.708841886799226939e-03
1.545012121030826108e-03
1.505022114165976976e-03
1.721349468965304580e-03
1.493518939605243540e-03
1.573518382468601373e-03
1.567373465222177131e-03
1.442893435231924065e-03
1.611572353466112634e-03
1.539683441140804465e-03
1.509100561677766128e-03
1.459436694717111682e-03
1.322671277163720016e-03
1.530211477584988988e-03
1.494087161318186086e-03
1.518358924352959660e-03
1.424830858749313173e-03
1.356389351392241205e-03
1.441799280082627782e-03
1.620892124807028073e-03
1.432340184800144633e-03
1.653485302507976679e-03
1.592605400843379732e-03
1.474938309318045426e-03
1.557892265172944324e-03
1.559728563256840284e-03
1.381460433885834532e-03
1.499178644998971216e-03
1.389290858019424230e-03
1.722333009555168659e-03
1.413151577627669297e-03
1.644562973498884390e-03
1.453026410226113119e-03
1.510815428231511437e-03
1.253224203136883014e-03
1.559615377339323289e-03
1.553779653472281419e-03
1.359836854288257874e-03
1.366483755567995256e-03
1.310766175654745624e-03
1.599696518783482596e-03
1.488620403500843375e-03
1.494785838742091616e-03
1.457624111223486396e-03
1.452756147005636322e-03
1.490569789393589306e-03
1.797970039436696393e-03
1.558351018484987333e-03
1.271453179516754406e-03
1.315832171529956324e-03
1.474323562750186334e-03
1.388469728557346211e-03
1.377360756513137940e-03
1.488350576165191341e-03
1.382010685149741985e-03
1.506141387986117963e-03
1.481357439048976848e-03
1.413585511678760315e-03
1.420582210064098155e-03
1.367227253296746797e-03
1.454196090175826489e-03
1.506952331007678503e-03
1.372129312027653425e-03
1.288948201363396273e-03
1.355248698111408828e-03
1.442334370203860600e-03
1.524121397892170410e-03
1.201504029329794609e-03
1.491631917286996567e-03
1.534611909234203514e-03
1.457671845036381808e-03
1.441573678750286691e-03
1.532536047554416275e-03
1.517123175297882542e-03
1.345964917157160823e-03
1.405515567274320810e-03
1.525164212558636351e-03
1.650375090447114140e-03
1.546533622425721316e-03
1.561055300587279454e-03
1.358365284527911915e-03
1.514553043920147113e-03
1.547845521389260709e-03
1.306708690594710065e-03
1.465194063047722817e-03
1.303955726317952701e-03
1.397348990973559801e-03
1.447107356171158099e-03
1.263408410763604273e-03
1.352342487175105246e-03
1.362176979702839352e-03
1.242076995746046325e-03
1.398470470374269664e-03
1.544581859776499727e-03
1.443884831142477204e-03
1.460579298705314000e-03
1.184459888223278468e-03
1.514653587732707474e-03
1.564250282542541115e-03
1.357294618434326527e-03
1.475788485911507658e-03
1.573643313938298538e-03
1.484337384763244339e-03
1.660428403087388372e-03
1.253687557851598106e-03
1.270526117709929598e-03
1.351595693568033441e-03
1.406705155880011437e-03
1.357536682802876205e-03
1.525248991853776076e-03
1.356769503722779491e-03
1.281647311052812321e-03
1.321027562411383749e-03
1.349071461936610788e-03
1.284502353859073853e-03
1.474226944408092016e-03
1.412542939018969490e-03
1.361328118325240422e-03
1.387176135338147320e-03
1.348395788329133371e-03
1.462145442326399231e-03
1.477631410381444188e-03
1.405904763252911749e-03
1.436412212717969733e-03
1.269347330314245237e-03
1.369831163898806159e-03
1.392799392556615806e-03
1.310228196047563687e-03
1.447370324017566157e-03
1.470846410726745629e-03
1.357093861379762845e-03
1.222048034535898331e-03
7.273478404248533841e-03
5.005751896808401102e-03
4.355587079792139216e-03
3.465903582733909083e-03
3.100667992623248881e-03
2.687900666365851399e-03
2.594610145922049416e-03
2.382766791175699311e-03
2.492313511283334587e-03
2.311212634616713335e-03
2.254710828913528142e-03
2.128155127331728125e-03
2.116927743696508241e-03
1.801622420234027383e-03
2.133706786648266462e-03
1.590861591824546672e-03
2.013680769593063219e-03
1.638907957811484850e-03
1.401584437633933422e-03
1.945962579636403844e-03
1.544777150639144170e-03
1.555017252203950984e-03
1.597197221725868421e-03
1.815856123053918858e-03
1.747871180114223683e-03
1.435149249598206833e-03
1.760488192186545481e-03
1.607719100623176967e-03
1.324112286548894540e-03
1.571839303100223961e-03
1.510591118997151039e-03
1.379640913468038743e-03
1.435013718794769105e-03
1.533265201201314959e-03
1.372798757854908763e-03
1.395178745961362515e-03
1.432314134572367642e-03
1.218360544079661462e-03
1.193441096339769442e-03
1.433266954607635008e-03
1.276004378640900605e-03
1.591452826836370349e-03
1.472141387631145659e-03
1.326810391444770143e-03
1.447446495130094712e-03
1.200362674530608409e-03
1.340767170559392651e-03
1.274829086432179015e-03
1.334342435414765521e-03
1.282591062509722685e-03
1.437665034115145901e-03
1.291351415869841646e-03
1.299631673056474146e-03
1.356088399991305787e-03
1.312937787291929698e-03
1.292996260559724220e-03
1.316030981354725932e-03
1.348333098738784680e-03
1.386841854491178971e-03
1.298069231230755682e-03
1.154213715666835977e-03
1.360073708266348186e-03
1.367394436842538780e-03
1.325156460322138990e-03
1.318625598914307390e-03
1.260057740846212693e-03
1.235252858297768846e-03
1.269492473813894906e-03
1.443577239246131294e-03
1.222729821914854409e-03
1.373679642064990630e-03
1.237027827851899797e-03
1.258057909142077518e-03
1.280647550274873619e-03
1.394245983114567738e-03
1.269902106521971635e-03
1.196926339104176229e-03
1.270353316480260508e-03
1.555600685521123239e-03
1.288408821271201654e-03
1.246998892264011838e-03
1.308152454839808104e-03
1.349009387784989855e-03
1.224536802211600994e-03
1.303877226661580291e-03
1.220472685357618103e-03
1.383948675905518483e-03
1.308650865572143218e-03
1.391947064816108359e-03
1.233880704889916968e-03
1.112424308941716705e-03
1.195212387211173899e-03
1.380254693637044533e-03
1.339412897123398033e-03
1.292949188109342173e-03
1.288747161670506652e-03
1.130317361141473104e-03
1.328925653487460223e-03
1.267385398216688136e-03
1.158054884599486051e-03
1.264454433519166671e-03
1.218263059426006462e-03
1.318235906144233499e-03
1.402099055591372184e-03
1.205091418539566001e-03
1.459549800178771423e-03
1.282690520609749280e-03
1.318050137627754109e-03
1.220378082954932247e-03
1.134937189021981152e-03
1.277106240442658913e-03
1.441823472821283925e-03
1.074989948724139333e-03
1.314714196445694594e-03
1.224331239929678933e-03
1.385664435277125101e-03
1.519810624760954687e-03
1.268164267008316942e-03
1.250760304031522246e-03
1.372992059504828111e-03
1.196121538422634245e-03
1.254983443526452858e-03
1.185175769636125781e-03
1.183973833138889098e-03
1.153798246906083402e-03
1.287838862843330989e-03
1.265118780449794172e-03
1.225152350816657160e-03
1.333997466688302547e-03
1.215351070291744578e-03
1.257983994261132471e-03
1.207496975515056498e-03
1.310081841808780068e-03
1.257557058390163657e-03
1.299775305665162861e-03
1.220100585483704925e-03
1.207500408777668205e-03
1.225727115240129311e-03
1.192275336813312936e-03
1.153590139455391156e-03
1.228905820031732377e-03
1.302670325527690437e-03
1.307797392446227724e-03
1.169616902867841313e-03
1.178485883133864598e-03
1.261862567958158682e-03
1.446609095769036540e-03
1.091304092782734159e-03
1.034765950703737947e-03
1.463927087262034687e-03
1.421233449793005837e-03
1.157965999757374492e-03
1.268374674254592327e-03
1.156287718658995795e-03
1.125858488632149046e-03
1.332103477556620397e-03
1.177288817094661322e-03
1.095748766267157920e-03
1.128547390912598009e-03
1.318675393024500153e-03
1.235374882182144196e-03
1.098576952187312050e-03
1.223966718066449993e-03
1.202576565428575828e-03
9.500403029787697629e-04
1.278880623631288571e-03
1.283988395984005798e-03
1.193248789394509013e-03
1.297342661735863961e-03
1.331445126314091676e-03
1.266831490142505956e-03
1.376134875555171111e-03
1.317871065801102387e-03
1.178226077491267842e-03
1.133186059169767612e-03
1.263512012654680744e-03
1.110874711589528163e-03
1.309063392764316797e-03
1.134670899981531089e-03
1.141007126993175830e-03
1.228476255927014871e-03
1.225851090561318885e-03
1.231042867215190184e-03
1.145832369229975861e-03
1.240199094285805714e-03
1.248908079278771011e-03
9.980043999751851691e-04
1.111444243085304984e-03
1.305573012353913875e-03
1.201098998559128883e-03
1.204965210008710624e-03
1.233412284780119328e-03
1.206794365486110743e-03
1.158467169445207695e-03
1.100056285651622445e-03
1.153677679607792439e-03
1.197119887767432445e-03
1.197960127892465365e-03
1.437279999489660814e-03
1.308098473992044125e-03
