9.713630515077977673e-03
6.122757572698256379e-03
4.517895415246029472e-03
3.939782025180044861e-03
3.451728658989929727e-03
3.156875974248175148e-03
3.007881654898247187e-03
3.061642614592019473e-03
2.995789080273883465e-03
2.540322198741156584e-03
2.727692711174206641e-03
2.512402026330771282e-03
2.304235923334868597e-03
2.292398477438079701e-03
2.303191020868029099e-03
1.943562218719888796e-03
2.003385895956517199e-03
1.795893119688578288e-03
2.094032874078863987e-03
1.959241749130261750e-03
2.023386567458384383e-03
1.959999743651210519e-03
1.890704440324797453e-03
1.762819100591169613e-03
1.810807410898271352e-03
1.696210254313264970e-03
1.599201729293186353e-03
1.909390962116997575e-03
1.569527941573296143e-03
1.578639515153336392e-03
1.514371301389840635e-03
1.855085229903102872e-03
1.484643303410172754e-03
1.829954852712499525e-03
1.585717876127837322e-03
1.469555765688270593e-03
1.445149210146767782e-03
1.657763132867185601e-03
1.581667201077205376e-03
1.500033162695417477e-03
1.492186485116116929e-03
1.568045474458757554e-03
1.373574504022326281e-03
1.457537003891777594e-03
1.548768122137906406e-03
1.424042733056671284e-03
1.548083023567341232e-03
1.419089870805245734e-03
1.530503863847343382e-03
1.441170060899388261e-03
1.472874839247028528e-03
1.419401684456325641e-03
1.636103947632524397e-03
1.473882971657666796e-03
1.337345062085572994e-03
1.504504449430215524e-03
1.386730410887541953e-03
1.435311132024174458e-03
1.520583393525953841e-03
1.402362297504462785e-03
1.534591624367167423e-03
1.477103569002984063e-03
1.390616624165230686e-03
1.421771228340484167e-03
1.541394899279870806e-03
1.366567076451309648e-03
1.202813232048509373e-03
1.310986204997702936e-03
1.436489892945258529e-03
1.312484029740382946e-03
1.275083129224755668e-03
1.371708114956217417e-03
1.296705651537163190e-03
1.642872999330233230e-03
1.488625753482245712e-03
1.454314662919103246e-03
1.426199366719903966e-03
1.417375302844733898e-03
1.422070661602971298e-03
1.230496195635269463e-03
1.377307614907546246e-03
1.333600378739519671e-03
1.388922436501634217e-03
1.433955389081226217e-03
1.180936853911469797e-03
1.364781194933405162e-03
1.291842103350142323e-03
1.458818181745660802e-03
1.388098662670145256e-03
1.671642282545581643e-03
1.342632420700009405e-03
1.542133207360362607e-03
1.343054332973554754e-03
1.419740925444633317e-03
1.358355512201488147e-03
1.403415260909063322e-03
1.388267696585981925e-03
1.458006222700959642e-03
1.316371670821950279e-03
1.438906126906194100e-03
1.296005165992823033e-03
1.317106342113471412e-03
1.331450476279083528e-03
1.280045549089735973e-03
1.456110113117442539e-03
1.450408866242154649e-03
1.256711934894433336e-03
1.243575219857736419e-03
1.231115653580961561e-03
1.419771584878850440e-03
1.196818758698148244e-03
1.248824740826454810e-03
1.421414032578723757e-03
1.282023785374272751e-03
1.387620109282484970e-03
1.382185462816862276e-03
1.348630953627489443e-03
1.443771571184880587e-03
1.450449694365599229e-03
1.317725533680882966e-03
1.352931954711329016e-03
1.388448418337306228e-03
1.270124094575636464e-03
1.368387662930060228e-03
1.363152286839978272e-03
1.312937883512520221e-03
1.258736819084983749e-03
1.455292442775681094e-03
1.241428592202612619e-03
1.332169123074409406e-03
1.176528628992892095e-03
1.339673571520687972e-03
1.208848408501668470e-03
1.329906381045343339e-03
1.279336487784846210e-03
1.132506531296650909e-03
1.305009494438316014e-03
1.385425641492171039e-03
1.252900689386403366e-03
1.207936787267251122e-03
1.296722099537784417e-03
1.335279166978873416e-03
1.300763605385880234e-03
1.148878195684054776e-03
1.290964704969331522e-03
1.281822985703263973e-03
1.445253062787234255e-03
1.472692608203273607e-03
1.379239654512233459e-03
1.259959803443438248e-03
1.214339517126176993e-03
1.268472281809120833e-03
1.230805308026536316e-03
1.265382270594129360e-03
1.256868249743574306e-03
1.266223685846522284e-03
1.054820548589248397e-03
1.448525692164883555e-03
1.182768650771867658e-03
1.246485377895352464e-03
1.264128291879090121e-03
1.087116195530361817e-03
1.236304806244793719e-03
1.120708977338177176e-03
1.172157112749171171e-03
1.146373643337236792e-03
1.255705156106477760e-03
1.214690696945762427e-03
1.268533425390717950e-03
1.225407783715194709e-03
1.279634658356031129e-03
1.093498590031206225e-03
1.212414848860223632e-03
1.279706731061001912e-03
1.257140268527957155e-03
1.266083199435455442e-03
1.250235563706333930e-03
1.177623815186632644e-03
1.200150096712478826e-03
1.308334561157371845e-03
1.430902241174536460e-03
1.153524860926118112e-03
1.391636743978921786e-03
1.330893853639197183e-03
1.206707221513978606e-03
1.431227868434498118e-03
1.165162524379415726e-03
1.325991373968590792e-03
1.190957930682003119e-03
1.369936150001846431e-03
1.494940045086420866e-03
1.252839432920982432e-03
1.426678960379033911e-03
1.161418349977631076e-03
1.324355871887589187e-03
1.198971433283905347e-03
1.308660414334625322e-03
1.251183697543789552e-03
1.279373668607263620e-03
1.213929786465336308e-03
