9.713630515077977673e-03
6.122757572698256379e-03
4.517895415246029472e-03
3.939782025180044861e-03
3.451728658989929727e-03
3.156875974248175148e-03
3.007881654898247187e-03
3.061642614592019473e-03
2.995789080273883465e-03
2.540322198741156584e-03
2.727692711174206641e-03
2.512402026330771282e-03
2.304235923334868597e-03
2.292398477438079701e-03
2.303191020868029099e-03
1.943562218719888796e-03
2.003385895956517199e-03
1.795893119688578288e-03
2.094032874078863987e-03
1.959241749130261750e-03
2.023386567458384383e-03
1.959999743651210519e-03
1.890704440324797453e-03
1.762819100591169613e-03
1.810807410898271352e-03
1.696210254313264970e-03
1.599201729293186353e-03
1.909390962116997575e-03
1.569527941573296143e-03
1.578639515153336392e-03
1.514371301389840635e-03
1.855085229903102872e-03
1.484643303410172754e-03
1.829954852712499525e-03
1.585717876127837322e-03
1.469555765688270593e-03
1.445149210146767782e-03
1.657763132867185601e-03
1.581667201077205376e-03
1.500033162695417477e-03
1.492186485116116929e-03
1.568045474458757554e-03
1.373574504022326281e-03
1.457537003891777594e-03
1.548768122137906406e-03
1.424042733056671284e-03
1.548083023567341232e-03
1.419089870805245734e-03
1.530503863847343382e-03
1.441170060899388261e-03
1.472874839247028528e-03
1.419401684456325641e-03
1.636103947632524397e-03
1.473882971657666796e-03
1.337345062085572994e-03
1.504504449430215524e-03
1.386730410887541953e-03
1.435311132024174458e-03
1.520583393525953841e-03
1.402362297504462785e-03
1.534591624367167423e-03
1.477103569002984063e-03
1.390616624165230686e-03
1.421771228340484167e-03
1.541394899279870806e-03
1.366567076451309648e-03
1.202813232048509373e-03
1.310986204997702936e-03
1.436489892945258529e-03
1.312484029740382946e-03
1.275083129224755668e-03
1.371708114956217417e-03
1.296705651537163190e-03
1.642872999330233230e-03
1.488625753482245712e-03
1.454314662919103246e-03
1.426199366719903966e-03
1.417375302844733898e-03
1.422070661602971298e-03
1.230496195635269463e-03
1.377307614907546246e-03
1.333600378739519671e-03
1.388922436501634217e-03
1.433955389081226217e-03
1.180936853911469797e-03
1.364781194933405162e-03
1.291842103350142323e-03
1.458818181745660802e-03
1.388098662670145256e-03
1.671642282545581643e-03
1.342632420700009405e-03
1.542133207360362607e-03
1.343054332973554754e-03
1.419740925444633317e-03
1.358355512201488147e-03
1.403415260909063322e-03
1.388267696585981925e-03
1.458006222700959642e-03
1.316371670821950279e-03
1.438906126906194100e-03
1.296005165992823033e-03
1.317106342113471412e-03
1.331450476279083528e-03
1.280045549089735973e-03
1.456110113117442539e-03
1.450408866242154649e-03
1.256711934894433336e-03
1.243575219857736419e-03
1.231115653580961561e-03
1.419771584878850440e-03
1.196818758698148244e-03
1.248824740826454810e-03
1.421414032578723757e-03
1.282023785374272751e-03
1.387620109282484970e-03
1.382185462816862276e-03
1.348630953627489443e-03
1.443771571184880587e-03
1.450449694365599229e-03
1.317725533680882966e-03
1.352931954711329016e-03
1.388448418337306228e-03
1.270124094575636464e-03
1.368387662930060228e-03
1.363152286839978272e-03
1.312937883512520221e-03
1.258736819084983749e-03
1.455292442775681094e-03
1.241428592202612619e-03
1.332169123074409406e-03
1.176528628992892095e-03
1.339673571520687972e-03
1.208848408501668470e-03
1.329906381045343339e-03
1.279336487784846210e-03
1.132506531296650909e-03
1.305009494438316014e-03
1.385425641492171039e-03
1.252900689386403366e-03
1.207936787267251122e-03
1.296722099537784417e-03
1.335279166978873416e-03
1.300763605385880234e-03
1.148878195684054776e-03
1.290964704969331522e-03
1.281822985703263973e-03
1.445253062787234255e-03
1.472692608203273607e-03
1.379239654512233459e-03
1.259959803443438248e-03
1.214339517126176993e-03
1.268472281809120833e-03
1.230805308026536316e-03
1.265382270594129360e-03
1.256868249743574306e-03
1.266223685846522284e-03
1.054820548589248397e-03
1.448525692164883555e-03
1.182768650771867658e-03
1.246485377895352464e-03
1.264128291879090121e-03
1.087116195530361817e-03
1.236304806244793719e-03
1.120708977338177176e-03
1.172157112749171171e-03
1.146373643337236792e-03
1.255705156106477760e-03
1.214690696945762427e-03
1.268533425390717950e-03
1.225407783715194709e-03
1.279634658356031129e-03
1.093498590031206225e-03
1.212414848860223632e-03
1.279706731061001912e-03
1.257140268527957155e-03
1.266083199435455442e-03
1.250235563706333930e-03
1.177623815186632644e-03
1.200150096712478826e-03
1.308334561157371845e-03
1.430902241174536460e-03
1.153524860926118112e-03
1.391636743978921786e-03
1.330893853639197183e-03
1.206707221513978606e-03
1.431227868434498118e-03
1.165162524379415726e-03
1.325991373968590792e-03
1.190957930682003119e-03
1.369936150001846431e-03
1.494940045086420866e-03
1.252839432920982432e-03
1.426678960379033911e-03
1.161418349977631076e-03
1.324355871887589187e-03
1.198971433283905347e-03
1.308660414334625322e-03
1.251183697543789552e-03
1.279373668607263620e-03
1.213929786465336308e-03
1.198583208036527181e-02
8.927450052486761434e-03
6.363531231520822007e-03
5.048451901826268851e-03
4.373244394015783632e-03
3.526773393378025007e-03
3.756446462311005541e-03
3.229566649898405611e-03
2.958429985059560230e-03
3.384352833046840037e-03
2.989108230992854054e-03
2.470465917641617021e-03
3.192540645231351643e-03
2.934763237722123191e-03
3.081411835635476659e-03
2.767118173744788356e-03
2.865986143931704283e-03
2.947251889250868812e-03
2.959281509814129518e-03
2.536124076293083673e-03
2.801003340527154911e-03
2.492395366323629097e-03
2.635291495675453483e-03
3.186140844099884240e-03
2.672217119289214959e-03
2.538594124781648476e-03
2.512798683436970326e-03
2.832239543201484078e-03
2.704537787408319016e-03
2.280168827203842702e-03
2.525613083741801157e-03
2.653445660041428567e-03
2.715998025218192835e-03
2.243123615552233829e-03
2.372637488589360300e-03
2.772752686209384310e-03
2.659286630079506220e-03
2.567507869493924899e-03
2.739899914164380113e-03
2.571863134228261072e-03
2.303352539137656224e-03
2.389828302949488503e-03
2.378442859731384751e-03
2.600841265645241485e-03
2.381624501502248303e-03
2.295121061999142592e-03
2.375997531069234947e-03
2.364234773688043967e-03
2.083453389365885755e-03
2.411522512597422119e-03
2.348268504828013303e-03
2.623561755154324437e-03
2.334531048525621821e-03
2.242094588580857695e-03
2.277004658179242885e-03
2.287660709258010350e-03
2.145275915506051484e-03
2.256387519090838345e-03
2.562218766380634088e-03
2.312063466747543011e-03
2.303240276540472614e-03
2.283293916323338862e-03
2.341690548225024843e-03
2.208225700650011392e-03
2.614025039396054850e-03
2.406085197089950778e-03
2.038609106461041626e-03
2.153164073545758839e-03
2.226122076925556720e-03
2.171076851684650838e-03
2.181674492786944697e-03
2.081383960099335989e-03
2.102617945922105602e-03
2.187508909669851065e-03
2.238981285692602519e-03
2.284164004394906300e-03
2.147885157580669419e-03
2.285024096007753913e-03
2.272915260771855850e-03
2.150043026377595340e-03
2.103883359450060830e-03
2.288837796497480981e-03
2.073380822854124783e-03
1.739830258154856368e-03
2.011569605948212991e-03
1.888770214010824372e-03
2.223991529788308524e-03
2.041794001790171731e-03
1.889397363440160904e-03
2.022717334156081542e-03
2.039927484882731595e-03
1.927530465620382744e-03
2.052363940393694963e-03
1.840770432322880873e-03
1.932479847452019117e-03
1.970564430902686098e-03
2.007604212715997233e-03
1.988247525992956066e-03
1.898748483038493334e-03
2.238598696372856578e-03
2.055383352242846906e-03
1.858972038686797223e-03
1.896582632251564426e-03
2.320748420349082880e-03
1.864040614565215526e-03
1.997431212657982402e-03
1.651357609158750350e-03
1.714863939533919912e-03
1.911204132992616600e-03
1.819635965099253988e-03
2.012872578487406167e-03
1.950963266107677563e-03
1.989657620479572814e-03
1.797061111144547529e-03
1.843396986084613887e-03
1.938769482941804512e-03
1.803741196005802933e-03
2.017328125938060851e-03
1.853045118426689675e-03
1.902907680208936608e-03
1.644025524713769310e-03
2.073645661759066644e-03
1.984647888091679163e-03
1.697429259458659717e-03
1.747506520771449634e-03
1.604771507568613503e-03
1.814904088070341814e-03
1.982161094285440212e-03
1.878883739945970410e-03
1.802060304183814715e-03
1.954783535471248807e-03
1.733832965663411468e-03
1.646487703985722445e-03
1.683745307579372075e-03
1.887874629121398529e-03
1.836727688990485996e-03
1.556217807114169266e-03
1.768025333843691732e-03
1.558812910129325768e-03
2.025914621129103199e-03
1.762449685016910517e-03
1.715683631015690186e-03
1.703838841233252382e-03
1.922312244125409797e-03
1.779351580131323385e-03
1.747756875377190489e-03
1.682868402454539003e-03
1.557642038815535562e-03
1.758034735530312337e-03
1.855737464923325197e-03
1.844701589170806566e-03
1.794551030703594313e-03
1.636977779287614870e-03
1.909716865238372807e-03
1.712563475705464883e-03
1.774167815930351166e-03
1.789560805635331819e-03
1.794136934574131620e-03
1.910148104640099070e-03
1.555846742537135563e-03
1.610883274329722586e-03
1.810548110571762181e-03
1.664276388628288528e-03
1.746363316915577890e-03
1.944167345995628099e-03
1.518636047486497664e-03
1.638093487988493552e-03
1.695758125388895782e-03
2.029987970108365625e-03
1.888410447120198593e-03
1.911839261653957428e-03
1.951260724404539626e-03
1.841295238645960369e-03
1.760485768831292902e-03
1.826841772430851107e-03
1.611357311859476504e-03
1.759538984508850906e-03
1.697660969972258904e-03
1.784600113713917524e-03
1.676376625148304905e-03
1.592694791051896264e-03
1.617680095975390642e-03
1.860804287887835723e-03
1.624582879140541031e-03
1.660848893173409724e-03
2.008644699790035348e-03
1.699881614020706116e-03
1.588828267082918744e-03
1.653726511382860864e-03
1.810404776326324239e-03
1.828241756360031445e-03
1.799690825987510651e-03
1.728661052324789726e-03
1.647957360417517253e-03
1.607051597547797667e-03
1.720913326170237651e-03
1.796324137944459859e-03
1.782290287084164343e-03
1.660914521786585607e-03
1.550025146763136380e-03
