9.713630515077977673e-03
6.122757572698256379e-03
4.517895415246029472e-03
3.939782025180044861e-03
3.451728658989929727e-03
3.156875974248175148e-03
3.007881654898247187e-03
3.061642614592019473e-03
2.995789080273883465e-03
2.540322198741156584e-03
2.727692711174206641e-03
2.512402026330771282e-03
2.304235923334868597e-03
2.292398477438079701e-03
2.303191020868029099e-03
1.943562218719888796e-03
2.003385895956517199e-03
1.795893119688578288e-03
2.094032874078863987e-03
1.959241749130261750e-03
2.023386567458384383e-03
1.959999743651210519e-03
1.890704440324797453e-03
1.762819100591169613e-03
1.810807410898271352e-03
1.696210254313264970e-03
1.599201729293186353e-03
1.909390962116997575e-03
1.569527941573296143e-03
1.578639515153336392e-03
1.514371301389840635e-03
1.855085229903102872e-03
1.484643303410172754e-03
1.829954852712499525e-03
1.585717876127837322e-03
1.469555765688270593e-03
1.445149210146767782e-03
1.657763132867185601e-03
1.581667201077205376e-03
1.500033162695417477e-03
1.492186485116116929e-03
1.568045474458757554e-03
1.373574504022326281e-03
1.457537003891777594e-03
1.548768122137906406e-03
1.424042733056671284e-03
1.548083023567341232e-03
1.419089870805245734e-03
1.530503863847343382e-03
1.441170060899388261e-03
1.472874839247028528e-03
1.419401684456325641e-03
1.636103947632524397e-03
1.473882971657666796e-03
1.337345062085572994e-03
1.504504449430215524e-03
1.386730410887541953e-03
1.435311132024174458e-03
1.520583393525953841e-03
1.402362297504462785e-03
1.534591624367167423e-03
1.477103569002984063e-03
1.390616624165230686e-03
1.421771228340484167e-03
1.541394899279870806e-03
1.366567076451309648e-03
1.202813232048509373e-03
1.310986204997702936e-03
1.436489892945258529e-03
1.312484029740382946e-03
1.275083129224755668e-03
1.371708114956217417e-03
1.296705651537163190e-03
1.642872999330233230e-03
1.488625753482245712e-03
1.454314662919103246e-03
1.426199366719903966e-03
1.417375302844733898e-03
1.422070661602971298e-03
1.230496195635269463e-03
1.377307614907546246e-03
1.333600378739519671e-03
1.388922436501634217e-03
1.433955389081226217e-03
1.180936853911469797e-03
1.364781194933405162e-03
1.291842103350142323e-03
1.458818181745660802e-03
1.388098662670145256e-03
1.671642282545581643e-03
1.342632420700009405e-03
1.542133207360362607e-03
1.343054332973554754e-03
1.419740925444633317e-03
1.358355512201488147e-03
1.403415260909063322e-03
1.388267696585981925e-03
1.458006222700959642e-03
1.316371670821950279e-03
1.438906126906194100e-03
1.296005165992823033e-03
1.317106342113471412e-03
1.331450476279083528e-03
1.280045549089735973e-03
1.456110113117442539e-03
1.450408866242154649e-03
1.256711934894433336e-03
1.243575219857736419e-03
1.231115653580961561e-03
1.419771584878850440e-03
1.196818758698148244e-03
1.248824740826454810e-03
1.421414032578723757e-03
1.282023785374272751e-03
1.387620109282484970e-03
1.382185462816862276e-03
1.348630953627489443e-03
1.443771571184880587e-03
1.450449694365599229e-03
1.317725533680882966e-03
1.352931954711329016e-03
1.388448418337306228e-03
1.270124094575636464e-03
1.368387662930060228e-03
1.363152286839978272e-03
1.312937883512520221e-03
1.258736819084983749e-03
1.455292442775681094e-03
1.241428592202612619e-03
1.332169123074409406e-03
1.176528628992892095e-03
1.339673571520687972e-03
1.208848408501668470e-03
1.329906381045343339e-03
1.279336487784846210e-03
1.132506531296650909e-03
1.305009494438316014e-03
1.385425641492171039e-03
1.252900689386403366e-03
1.207936787267251122e-03
1.296722099537784417e-03
1.335279166978873416e-03
1.300763605385880234e-03
1.148878195684054776e-03
1.290964704969331522e-03
1.281822985703263973e-03
1.445253062787234255e-03
1.472692608203273607e-03
1.379239654512233459e-03
1.259959803443438248e-03
1.214339517126176993e-03
1.268472281809120833e-03
1.230805308026536316e-03
1.265382270594129360e-03
1.256868249743574306e-03
1.266223685846522284e-03
1.054820548589248397e-03
1.448525692164883555e-03
1.182768650771867658e-03
1.246485377895352464e-03
1.264128291879090121e-03
1.087116195530361817e-03
1.236304806244793719e-03
1.120708977338177176e-03
1.172157112749171171e-03
1.146373643337236792e-03
1.255705156106477760e-03
1.214690696945762427e-03
1.268533425390717950e-03
1.225407783715194709e-03
1.279634658356031129e-03
1.093498590031206225e-03
1.212414848860223632e-03
1.279706731061001912e-03
1.257140268527957155e-03
1.266083199435455442e-03
1.250235563706333930e-03
1.177623815186632644e-03
1.200150096712478826e-03
1.308334561157371845e-03
1.430902241174536460e-03
1.153524860926118112e-03
1.391636743978921786e-03
1.330893853639197183e-03
1.206707221513978606e-03
1.431227868434498118e-03
1.165162524379415726e-03
1.325991373968590792e-03
1.190957930682003119e-03
1.369936150001846431e-03
1.494940045086420866e-03
1.252839432920982432e-03
1.426678960379033911e-03
1.161418349977631076e-03
1.324355871887589187e-03
1.198971433283905347e-03
1.308660414334625322e-03
1.251183697543789552e-03
1.279373668607263620e-03
1.213929786465336308e-03
1.198583208036527181e-02
8.927450052486761434e-03
6.363531231520822007e-03
5.048451901826268851e-03
4.373244394015783632e-03
3.526773393378025007e-03
3.756446462311005541e-03
3.229566649898405611e-03
2.958429985059560230e-03
3.384352833046840037e-03
2.989108230992854054e-03
2.470465917641617021e-03
3.192540645231351643e-03
2.934763237722123191e-03
3.081411835635476659e-03
2.767118173744788356e-03
2.865986143931704283e-03
2.947251889250868812e-03
2.959281509814129518e-03
2.536124076293083673e-03
2.801003340527154911e-03
2.492395366323629097e-03
2.635291495675453483e-03
3.186140844099884240e-03
2.672217119289214959e-03
2.538594124781648476e-03
2.512798683436970326e-03
2.832239543201484078e-03
2.704537787408319016e-03
2.280168827203842702e-03
2.525613083741801157e-03
2.653445660041428567e-03
2.715998025218192835e-03
2.243123615552233829e-03
2.372637488589360300e-03
2.772752686209384310e-03
2.659286630079506220e-03
2.567507869493924899e-03
2.739899914164380113e-03
2.571863134228261072e-03
2.303352539137656224e-03
2.389828302949488503e-03
2.378442859731384751e-03
2.600841265645241485e-03
2.381624501502248303e-03
2.295121061999142592e-03
2.375997531069234947e-03
2.364234773688043967e-03
2.083453389365885755e-03
2.411522512597422119e-03
2.348268504828013303e-03
2.623561755154324437e-03
2.334531048525621821e-03
2.242094588580857695e-03
2.277004658179242885e-03
2.287660709258010350e-03
2.145275915506051484e-03
2.256387519090838345e-03
2.562218766380634088e-03
2.312063466747543011e-03
2.303240276540472614e-03
2.283293916323338862e-03
2.341690548225024843e-03
2.208225700650011392e-03
2.614025039396054850e-03
2.406085197089950778e-03
2.038609106461041626e-03
2.153164073545758839e-03
2.226122076925556720e-03
2.171076851684650838e-03
2.181674492786944697e-03
2.081383960099335989e-03
2.102617945922105602e-03
2.187508909669851065e-03
2.238981285692602519e-03
2.284164004394906300e-03
2.147885157580669419e-03
2.285024096007753913e-03
2.272915260771855850e-03
2.150043026377595340e-03
2.103883359450060830e-03
2.288837796497480981e-03
2.073380822854124783e-03
1.739830258154856368e-03
2.011569605948212991e-03
1.888770214010824372e-03
2.223991529788308524e-03
2.041794001790171731e-03
1.889397363440160904e-03
2.022717334156081542e-03
2.039927484882731595e-03
1.927530465620382744e-03
2.052363940393694963e-03
1.840770432322880873e-03
1.932479847452019117e-03
1.970564430902686098e-03
2.007604212715997233e-03
1.988247525992956066e-03
1.898748483038493334e-03
2.238598696372856578e-03
2.055383352242846906e-03
1.858972038686797223e-03
1.896582632251564426e-03
2.320748420349082880e-03
1.864040614565215526e-03
1.997431212657982402e-03
1.651357609158750350e-03
1.714863939533919912e-03
1.911204132992616600e-03
1.819635965099253988e-03
2.012872578487406167e-03
1.950963266107677563e-03
1.989657620479572814e-03
1.797061111144547529e-03
1.843396986084613887e-03
1.938769482941804512e-03
1.803741196005802933e-03
2.017328125938060851e-03
1.853045118426689675e-03
1.902907680208936608e-03
1.644025524713769310e-03
2.073645661759066644e-03
1.984647888091679163e-03
1.697429259458659717e-03
1.747506520771449634e-03
1.604771507568613503e-03
1.814904088070341814e-03
1.982161094285440212e-03
1.878883739945970410e-03
1.802060304183814715e-03
1.954783535471248807e-03
1.733832965663411468e-03
1.646487703985722445e-03
1.683745307579372075e-03
1.887874629121398529e-03
1.836727688990485996e-03
1.556217807114169266e-03
1.768025333843691732e-03
1.558812910129325768e-03
2.025914621129103199e-03
1.762449685016910517e-03
1.715683631015690186e-03
1.703838841233252382e-03
1.922312244125409797e-03
1.779351580131323385e-03
1.747756875377190489e-03
1.682868402454539003e-03
1.557642038815535562e-03
1.758034735530312337e-03
1.855737464923325197e-03
1.844701589170806566e-03
1.794551030703594313e-03
1.636977779287614870e-03
1.909716865238372807e-03
1.712563475705464883e-03
1.774167815930351166e-03
1.789560805635331819e-03
1.794136934574131620e-03
1.910148104640099070e-03
1.555846742537135563e-03
1.610883274329722586e-03
1.810548110571762181e-03
1.664276388628288528e-03
1.746363316915577890e-03
1.944167345995628099e-03
1.518636047486497664e-03
1.638093487988493552e-03
1.695758125388895782e-03
2.029987970108365625e-03
1.888410447120198593e-03
1.911839261653957428e-03
1.951260724404539626e-03
1.841295238645960369e-03
1.760485768831292902e-03
1.826841772430851107e-03
1.611357311859476504e-03
1.759538984508850906e-03
1.697660969972258904e-03
1.784600113713917524e-03
1.676376625148304905e-03
1.592694791051896264e-03
1.617680095975390642e-03
1.860804287887835723e-03
1.624582879140541031e-03
1.660848893173409724e-03
2.008644699790035348e-03
1.699881614020706116e-03
1.588828267082918744e-03
1.653726511382860864e-03
1.810404776326324239e-03
1.828241756360031445e-03
1.799690825987510651e-03
1.728661052324789726e-03
1.647957360417517253e-03
1.607051597547797667e-03
1.720913326170237651e-03
1.796324137944459859e-03
1.782290287084164343e-03
1.660914521786585607e-03
1.550025146763136380e-03
9.006499922465709129e-03
5.521226468817367478e-03
3.625603923033082071e-03
2.903114568030849829e-03
2.752077196826369782e-03
2.761196109561422918e-03
2.487847559547867737e-03
2.217835045493117552e-03
2.450469981728833901e-03
2.333079487187968842e-03
1.893082573798561541e-03
2.097919443465753875e-03
2.106060141766730176e-03
1.746810623590177441e-03
1.432281077488429394e-03
1.700149904774291704e-03
1.514846658690737619e-03
1.663655561866636545e-03
1.540811928313921830e-03
1.302254342968118400e-03
1.547653420605470120e-03
1.311580753726764720e-03
1.287450585823746163e-03
1.268879975414135414e-03
1.024214274346155890e-03
1.147980060785265544e-03
1.094575346210813899e-03
1.091864510170795916e-03
9.931430857467310469e-04
9.735616583539732916e-04
9.470094683964661031e-04
9.978234091020631025e-04
9.603848226880720707e-04
7.654653833985280986e-04
9.267938883817210260e-04
8.658288961717990062e-04
8.080098839038929448e-04
8.822803258683072081e-04
8.487440555810313314e-04
7.654999801603307175e-04
7.784421487779177862e-04
7.300674577880930660e-04
5.832725069005728624e-04
6.944150818963441829e-04
7.942301578513361049e-04
6.553180360185026365e-04
7.650651131553380668e-04
7.587373572540065392e-04
7.815598298878678740e-04
8.553129218391575250e-04
7.168637703468538902e-04
6.542263033405826267e-04
7.827926447426525325e-04
8.082998624379458819e-04
7.800073911608147725e-04
7.200944057613074822e-04
6.731543256942064402e-04
7.596135284892134576e-04
6.749239797036662991e-04
8.015530752947669368e-04
8.204717842078407264e-04
5.971822568941222154e-04
6.696850143475402417e-04
6.671656597080216633e-04
6.989669167028061958e-04
7.134349915700680111e-04
7.587397635630196979e-04
8.847311333116704424e-04
6.640354868072892436e-04
8.675790862164821371e-04
6.823032680701897335e-04
8.120677969230896687e-04
6.614034058365809987e-04
6.046306271240420305e-04
6.140297204311959134e-04
7.609523422257742642e-04
7.359242553490775995e-04
6.974636499696568182e-04
7.025313771597437029e-04
6.544003926878781685e-04
7.224078433810815492e-04
6.595708389344201450e-04
7.115378043841547040e-04
7.531439714633658689e-04
6.223629399438670995e-04
6.468800396803309205e-04
6.108564757281303992e-04
6.221091883686948043e-04
6.994898857203175890e-04
6.659497981630971286e-04
6.612410742660931873e-04
6.646511220939552156e-04
6.372662980282349510e-04
6.836011593570924527e-04
5.079704987529763682e-04
6.694142515287077044e-04
6.166346774175157641e-04
6.248965303359346746e-04
6.416309551655619003e-04
6.266133783217192610e-04
5.789702042952593608e-04
5.024114783286869057e-04
6.662108715153498839e-04
5.770325425055004842e-04
7.018702422915759631e-04
5.019845406747137917e-04
5.893261983271058657e-04
5.285787201352760978e-04
6.440656837191326145e-04
6.589546718539507353e-04
5.951074976837181230e-04
7.122584402409481985e-04
6.316500718941790715e-04
5.688828624675935919e-04
5.637134833811688339e-04
7.051202577725394771e-04
6.383313833976771157e-04
5.814515748880713653e-04
5.857275072195244903e-04
4.869540985235100428e-04
4.786332696631971639e-04
5.318589165334008939e-04
5.157034537269580832e-04
7.881820401249850505e-04
4.549379315795590295e-04
5.521070544774464572e-04
7.346386453529266114e-04
5.009481729214074197e-04
6.916754072817214716e-04
6.354816136183681630e-04
5.328199524563398404e-04
5.592374865890405167e-04
5.941858059442806095e-04
5.135665760312331518e-04
6.270678574176041797e-04
5.298893991938259662e-04
6.138119764982491455e-04
5.398103503136027215e-04
6.321234582307121153e-04
5.369668938445225359e-04
5.038910688952638606e-04
6.443847891076867618e-04
6.787108610460668157e-04
4.694164882519703819e-04
4.602329504252399006e-04
6.610051482777261345e-04
5.524579750929292654e-04
6.457363694707500545e-04
5.799274915859187196e-04
5.971913551916854801e-04
6.356556456399951871e-04
6.372668074826753903e-04
5.099725146032914325e-04
5.193901702468112225e-04
5.663657108949532448e-04
5.488923968311812396e-04
4.645499266181241094e-04
5.673365184219424096e-04
5.493273733583881047e-04
5.857004852952776841e-04
4.859542632835202325e-04
5.411927729219896677e-04
5.580728847673632753e-04
6.170829676600576852e-04
4.979413777647309636e-04
5.649488458052756568e-04
5.652632044031505321e-04
5.963156934885756322e-04
5.896078460614836980e-04
4.966508506049037430e-04
6.101159205807726860e-04
5.293127640221065300e-04
5.882978464466677437e-04
5.954247230055415008e-04
5.889545121232631075e-04
5.363290274580240213e-04
5.359528392329462876e-04
5.908440782609880593e-04
5.893188591782790031e-04
5.937429313424245902e-04
5.068497403716738792e-04
5.787113038022290157e-04
6.037783670257493296e-04
4.822407863320707366e-04
3.969289572307091452e-04
5.877573288326221057e-04
5.504172738428382561e-04
4.326011554348953292e-04
4.849109445346361236e-04
5.798553100787792736e-04
5.004068983232752565e-04
6.317114630678306864e-04
6.202098688086153666e-04
5.689453994106724588e-04
5.679688728654486152e-04
5.102180437117215250e-04
5.681022343239569561e-04
6.412746056206827805e-04
5.787138752872574010e-04
5.821397211291483298e-04
1.075711924479366699e-02
7.745670130605977061e-03
6.344413086338179797e-03
4.920979171624022958e-03
4.837565015230041454e-03
4.031042704909934549e-03
3.544932372005274446e-03
3.552718132657513295e-03
3.242257642488838298e-03
3.030892772033711574e-03
3.262000561123860193e-03
2.111665836518526740e-03
2.542577517025843004e-03
2.218523817700476797e-03
1.997790197625408382e-03
1.989608498728933500e-03
2.261530856597325501e-03
1.883209083723063476e-03
1.784964166022074555e-03
1.837064700816605500e-03
1.772181201672280715e-03
1.524142283982787838e-03
1.450678762026681723e-03
1.506863195420687224e-03
1.458683419864985342e-03
1.177813918104925195e-03
1.497489129934949370e-03
1.339569986300585130e-03
1.400647122538678513e-03
1.349212311601448444e-03
1.014702010017097533e-03
1.236432636482105718e-03
1.181106159862766597e-03
1.235690468730333419e-03
1.064671165542794423e-03
1.068957999149574428e-03
1.230914116979640871e-03
1.035440813608932281e-03
8.872284727380053138e-04
1.011988121497955917e-03
1.023110225924606098e-03
1.265541636930489489e-03
1.019839799711236283e-03
8.269850958747722303e-04
9.189012105475652392e-04
9.977145784787998239e-04
1.083788608432289385e-03
1.037541183172646653e-03
9.470130476091909166e-04
8.059342226014280797e-04
9.504214064446313281e-04
8.511944247114947015e-04
8.373510424038721478e-04
8.786011262729605253e-04
9.496616880821026618e-04
9.102703333677790443e-04
9.767219335827942439e-04
8.519680792087244714e-04
8.728008325648434207e-04
7.930528199048339499e-04
7.715283210682905013e-04
7.403172242469932551e-04
7.560438025919630212e-04
7.746571002461948019e-04
7.715962074317343766e-04
6.471851359850233631e-04
8.088712592009723867e-04
6.851045768784536083e-04
7.313720930909074769e-04
7.231926942650422629e-04
6.108677522324544584e-04
8.372059776802255604e-04
7.569469542707089882e-04
7.210133310128347128e-04
7.425758698753233411e-04
7.347123894484233753e-04
7.716060966455259851e-04
8.300396983212873780e-04
7.499139876086767520e-04
8.562198490702083165e-04
8.356699888462694459e-04
7.733550247094357621e-04
9.061999286839178547e-04
7.000381170662491048e-04
7.712022921010676380e-04
8.354605682066237882e-04
6.589625492623013558e-04
7.716490373834393457e-04
8.362959539124463493e-04
7.482485722522212723e-04
6.790754011812213942e-04
8.625587560008793342e-04
6.704583906515099168e-04
7.668167541971526724e-04
6.489435450343326861e-04
8.623204881811133427e-04
7.068936057728035516e-04
6.231795992559484298e-04
8.290249104855526574e-04
7.132828855232857534e-04
7.163587904152959873e-04
7.619797241493961315e-04
6.393204524181642090e-04
9.280856078574123424e-04
8.971270231905997816e-04
6.538805014240818558e-04
8.328831592351246260e-04
8.035397527020038400e-04
6.570494121074972604e-04
9.073519878909537539e-04
8.021477267732349259e-04
7.906353239198991856e-04
5.954770020999769486e-04
5.914375957253026339e-04
7.377865963438638708e-04
5.355051706490594754e-04
7.480665160274971304e-04
5.637489796796492370e-04
7.850020694919121467e-04
6.884013170478757437e-04
8.230964867216097880e-04
7.449700507086640111e-04
6.455283705418604634e-04
5.807476650762678771e-04
6.893896403363242165e-04
6.560228309967115756e-04
6.918723581611566087e-04
7.260108940296584878e-04
6.577468169314849844e-04
7.129090791039814634e-04
7.421918417818730573e-04
7.180089341669061709e-04
7.662192163947478818e-04
7.299279433451433263e-04
7.012624653783688933e-04
6.839400040584177332e-04
6.784010745389291996e-04
6.576412016567161067e-04
6.876862268006857237e-04
6.820868480412294044e-04
7.477999278975994146e-04
5.822653444851298710e-04
8.335903391161192388e-04
7.479836694492050797e-04
7.385327951555040182e-04
8.192942116741243341e-04
7.568128152723868629e-04
6.523886590865113355e-04
6.708140398938786109e-04
7.606366478654855157e-04
6.553444746644140895e-04
6.621934153143750612e-04
7.531242727615884702e-04
7.063202856875290536e-04
6.472376676994115452e-04
7.178251264300730683e-04
7.042161297222335192e-04
5.989280573812476305e-04
6.695240566995594444e-04
6.899171481287158514e-04
6.539476902633380162e-04
6.505223161531840936e-04
6.141961846554896964e-04
6.442366156122897314e-04
7.699648489669086437e-04
8.224240132032427375e-04
5.692645595019515947e-04
7.788610460546796510e-04
7.038221627599129671e-04
8.492025298066155359e-04
7.685456560857437114e-04
7.724816703226951298e-04
7.883430235421720611e-04
5.961724906864071527e-04
6.112578958046913091e-04
8.026619966049544641e-04
6.616714714457079538e-04
7.951245216486144129e-04
7.524085181431251768e-04
6.201298274142834355e-04
6.347826949058901769e-04
6.269307194323933685e-04
6.468890692575071655e-04
7.325844448565141387e-04
7.233953012028837559e-04
6.002732008918293394e-04
7.209443671903070783e-04
6.270739396469146576e-04
7.111343000360224875e-04
7.723578767777246334e-04
8.203140467191727403e-04
7.371918334961174990e-04
7.540824903460446871e-04
7.017791711645474106e-04
7.359652954100071032e-04
6.305292140859827810e-04
6.284109435804770272e-04
6.789509845558476531e-04
6.455320859349439333e-04
8.065005368922545381e-04
1.069740297519064867e-02
8.606560437475183761e-03
6.920914819271119928e-03
5.727501348990471364e-03
5.875567100234260071e-03
5.298294098236615290e-03
4.451509603451715008e-03
4.358823236122320866e-03
4.505937573252669082e-03
3.843635192170465065e-03
3.778280299976774503e-03
3.925254131550516556e-03
3.557229036176407649e-03
3.615051256072879249e-03
3.244405949715787468e-03
3.540713933589942353e-03
3.520175835789250696e-03
3.156882746237668624e-03
3.607295520184024273e-03
3.547494360689542464e-03
3.096577254789869421e-03
3.511861050501573212e-03
3.013039399843635974e-03
2.767210606438398612e-03
2.774422392403642912e-03
2.780019321758593620e-03
2.933693932293188200e-03
2.853051179689796574e-03
2.868546944281891858e-03
2.825622091715371265e-03
2.935911494499898744e-03
2.629476830173685387e-03
2.974938695507318293e-03
2.938618729051028361e-03
2.588401671423365413e-03
2.674880136797220392e-03
2.624897663043104096e-03
2.593312688131566013e-03
2.370995713483606271e-03
2.590589206852459553e-03
2.675529078344392880e-03
2.408167705961743177e-03
2.687698527804573134e-03
2.368852328088848908e-03
2.309280913087075060e-03
2.290562736400991728e-03
2.512764361854148004e-03
2.249020257691147079e-03
2.277952211679062922e-03
2.443218857282412199e-03
2.284049465549598673e-03
2.212712765509335100e-03
2.060991057512187585e-03
2.349386475014415138e-03
2.173335053488559265e-03
2.303355060026147233e-03
2.114052894908072938e-03
2.230359558819165755e-03
2.594453907287744970e-03
2.099550001710696195e-03
2.345569327930958903e-03
2.166595224541333770e-03
2.274407892349398358e-03
2.299522859025234650e-03
2.506262128639830111e-03
2.325612931478367867e-03
2.312190178143144759e-03
2.232219231168824231e-03
2.213958080934243927e-03
2.094189391190704602e-03
1.971403680104066858e-03
2.152639011730475560e-03
2.074835631714070511e-03
2.101267698621990532e-03
2.327571296998707379e-03
2.009162487667567887e-03
2.149981052137643622e-03
1.966267782468601039e-03
2.191057489444755285e-03
2.051506012237271775e-03
2.115260189016646836e-03
1.936522399940937555e-03
2.091240296647971231e-03
2.505599577676032724e-03
1.939805028434986311e-03
1.896540325528633941e-03
1.955340471892434706e-03
1.834921425774800607e-03
1.758090026571412084e-03
2.208737695234302967e-03
1.741743450671968951e-03
1.805971621358253010e-03
1.771960354875107974e-03
1.953942720007272732e-03
1.859980022315417536e-03
1.860547229082458454e-03
1.813098266088088162e-03
1.854076233675908125e-03
1.768696368694585436e-03
1.846105679319275106e-03
1.848026643422900905e-03
1.883486652304353082e-03
1.732810731731596748e-03
1.875600359932182853e-03
1.853436526440998405e-03
1.837243115993265896e-03
1.776136317582985291e-03
1.840252656172568224e-03
1.802318300325379818e-03
1.737486656193866497e-03
2.040257674674996607e-03
1.585474700696531958e-03
1.684412491541803503e-03
1.669576192838560097e-03
1.774342696192258290e-03
1.665369773837729883e-03
1.666368146243310533e-03
1.794768305740181841e-03
1.688642047707165222e-03
1.888695864420256859e-03
1.636702609811486325e-03
1.595932337236049409e-03
1.591828726056294940e-03
1.624201245260276094e-03
1.695614515989773280e-03
1.743572741928850478e-03
1.671672887108316408e-03
1.810691387456001000e-03
1.616784535578025955e-03
1.631040088296058232e-03
1.600423929715096699e-03
1.641935257006357785e-03
1.631697535089144530e-03
1.683246733004864493e-03
1.724818844735125090e-03
1.922954368730959984e-03
1.475236879576798110e-03
1.616873473417788920e-03
1.531038323007539309e-03
1.731674623286435372e-03
1.792215736184966934e-03
1.530777197061360811e-03
1.617970278602057915e-03
1.554743566511699454e-03
1.603514434541857686e-03
1.782294334413764281e-03
1.621573875042556928e-03
1.589011340592569321e-03
1.672664243620392011e-03
1.589556730220393482e-03
1.528919484030021037e-03
1.666847600241841421e-03
1.428431326436080395e-03
1.461107467474014043e-03
1.595513445020558391e-03
1.573831168344683173e-03
1.541006642659683429e-03
1.441214242783303567e-03
1.473468286912426456e-03
1.495345636849648024e-03
1.649133995028233962e-03
1.516864074842513843e-03
1.760405297307459510e-03
1.623500901987030148e-03
1.516211520683447694e-03
1.562160168171670971e-03
1.606103766209593386e-03
1.582220170421894112e-03
1.362726618329899303e-03
1.609218298005955783e-03
1.495438905751916153e-03
1.720742331218525628e-03
1.340387501871098674e-03
1.746457787177989329e-03
1.419965650768822973e-03
1.525977259867930536e-03
1.722807695197017819e-03
1.538471402407953770e-03
1.534326323552954313e-03
1.621130856514864382e-03
1.714083332687282163e-03
1.561274612921593336e-03
1.409672272556054817e-03
1.695281523900429854e-03
1.431489657126288478e-03
1.794489715694711635e-03
1.727577439724008179e-03
1.600910373044009405e-03
1.448967426843687789e-03
1.939489151332084854e-03
1.431221920323327845e-03
1.406581535449039772e-03
1.620637548012594797e-03
1.458187276946538297e-03
1.400130090345272360e-03
1.636148571809780544e-03
1.562555712085959836e-03
1.455360530842518541e-03
1.649195494350792074e-03
1.808441064190834113e-03
