1.091427158405701425e-02
7.740500821371308626e-03
6.533416283422001369e-03
5.191608068229443262e-03
4.900010494756829038e-03
4.097375035162227619e-03
4.152972226955937984e-03
4.090994840151573886e-03
3.900234712343533805e-03
3.749465967313785064e-03
3.771151511609650842e-03
3.398346076356022205e-03
3.414882304202934704e-03
3.420872584841035124e-03
3.462984559893467207e-03
3.503704754112879627e-03
3.071642894414208791e-03
3.274337451671778532e-03
3.130148386785422399e-03
3.107751406183446863e-03
2.917931456177864924e-03
2.707924896803035053e-03
2.737667442207256108e-03
2.964589912137806371e-03
2.368186170361386012e-03
2.206244820847039212e-03
2.535453490316856573e-03
2.352931756363030313e-03
2.446790679181326533e-03
2.240885178648031884e-03
2.052323235149117187e-03
2.010763763274525662e-03
1.921967805345509150e-03
2.026025259732056050e-03
1.935241193666975557e-03
1.849449947136018457e-03
1.870057536969921275e-03
1.836383724038909149e-03
1.522176265422420238e-03
1.912985935390278114e-03
1.779560372729242779e-03
1.637265164296457243e-03
1.677841169474642014e-03
1.581470740614404624e-03
1.455975163202186118e-03
1.624205761752366139e-03
1.645546703327248339e-03
1.399530340049311150e-03
1.585265745056511910e-03
1.490262402555252164e-03
1.218371518979514956e-03
1.193409962960391424e-03
1.188995213559328190e-03
1.145762728696958499e-03
1.168935809993013053e-03
1.077691100418373682e-03
1.069549458137343534e-03
1.031581784435589566e-03
8.845516909947240269e-04
1.021962271541332345e-03
8.502606009025970302e-04
7.880347852102093098e-04
7.860826064046561035e-04
9.493741639577044089e-04
7.803038891063610039e-04
7.906894940792885684e-04
7.188723260466989284e-04
6.570433524147392679e-04
5.392918399818105724e-04
5.220870287753615058e-04
8.034452392022065070e-04
6.097690674026420843e-04
5.925719870992843252e-04
5.918181461968263779e-04
5.829836856075798490e-04
5.638693077582856983e-04
4.463100850489870597e-04
5.261224015172885626e-04
5.800377343446669332e-04
4.090511789999751180e-04
4.667722928597822785e-04
4.821324491121325995e-04
5.933097993161759454e-04
6.335196975788617846e-04
3.836805962394371217e-04
3.309151989598010934e-04
3.771202657164227090e-04
4.926429775612833906e-04
3.987441895125926061e-04
4.420731028939028917e-04
5.144929413954738018e-04
3.449397806175175107e-04
3.132650188479163544e-04
3.911568668834228268e-04
3.583257224709368582e-04
3.324397302240933438e-04
3.343673707124350525e-04
3.670352166176005237e-04
3.309884060427384367e-04
2.805290602133497790e-04
3.214534723001150063e-04
2.912481669860161881e-04
2.745803944919078532e-04
3.103281802840987535e-04
3.542132031798886360e-04
3.094614035857104484e-04
3.140235730075824350e-04
4.975757170106384630e-04
3.139954330014654849e-04
3.114404549089816454e-04
3.371480795588896462e-04
3.545572055063672678e-04
3.469739006623576150e-04
2.318290173349280003e-04
2.633842179038739517e-04
2.981953789782595954e-04
3.765943299003718381e-04
2.790210200980941524e-04
3.097156555562710634e-04
3.417007871630156624e-04
2.973932430148165662e-04
3.412117950669715793e-04
2.616914174454060271e-04
3.635947268814457289e-04
3.426484593571019199e-04
2.737893401747182320e-04
2.127995264118928698e-04
2.603433006288305429e-04
3.275244940041527331e-04
3.130465156376063818e-04
3.382949254606901213e-04
2.378680040909658677e-04
2.198591737785429712e-04
3.076132369141948431e-04
2.879140445514044577e-04
2.120298285645527692e-04
3.372634916139899408e-04
3.262287968851806941e-04
3.982959771896416035e-04
1.679940973688190398e-04
3.188839274129093293e-04
3.193770382063920721e-04
2.598292988833517114e-04
2.333664674580918086e-04
1.895547658695220794e-04
2.739025187425622732e-04
3.128769174076256876e-04
3.169846966722469905e-04
2.958192650775251509e-04
1.844096136726092183e-04
2.175618240601792652e-04
1.795138068413776322e-04
1.619956447532974741e-04
1.616180952903334411e-04
1.777791777726051015e-04
3.166785551053236114e-04
2.666823332422851855e-04
2.389444926916839407e-04
2.341520398689567184e-04
2.370134511535948452e-04
3.116696666720375486e-04
3.151295152684641110e-04
4.081375739782011625e-04
2.051611414585832738e-04
2.144884620642328876e-04
2.466102677217210659e-04
2.360127433759171001e-04
2.228482084638064298e-04
3.551152435900609139e-04
3.061607441936509133e-04
2.367179791468304595e-04
2.120803022270245641e-04
2.750857343502902119e-04
3.422551617785207778e-04
2.813075104770856871e-04
2.357369694263172777e-04
2.768403357510038076e-04
2.406392070547075379e-04
2.212372102336074287e-04
2.937968761628842462e-04
2.440121459547500704e-04
2.022056033265939856e-04
2.525274342963096386e-04
2.370351201607528990e-04
2.625589222091800901e-04
4.086243844378875667e-04
2.350249682072230728e-04
2.853052927805840855e-04
1.918550947195840628e-04
2.233804547118328765e-04
2.469632956718856298e-04
2.222136126148813173e-04
3.014280583434683636e-04
1.746706879248161037e-04
2.711352425075821970e-04
2.540986067548975380e-04
2.738317059968256584e-04
3.009581854924656130e-04
2.063227009666199208e-04
1.706342762556323223e-04
