1.142402164906430873e-02
7.985148644780476479e-03
6.991060798150580680e-03
5.414554006943884945e-03
5.045370475955018863e-03
4.451191995255343592e-03
4.460212188779948128e-03
4.271803203052627895e-03
4.342892708039627903e-03
4.240042740578910119e-03
4.100487085168531831e-03
3.416562226262513657e-03
3.710888325069751359e-03
3.424354307200346004e-03
3.477068774841850229e-03
3.243996479377682374e-03
3.340264411523671817e-03
3.212312124451131845e-03
2.940696724309410648e-03
3.193442625730250062e-03
3.197496239828262476e-03
2.737427110557452692e-03
2.892030120769682744e-03
2.588382863608192086e-03
2.612982086495942158e-03
2.442022632144519312e-03
2.765352591793966697e-03
2.467988037514953770e-03
2.442460536257656800e-03
2.178632752219203383e-03
2.168810650137902030e-03
2.125319885071738635e-03
1.968700736543385621e-03
1.936942842266177467e-03
1.849799220806427891e-03
1.863252807873180816e-03
1.799291808601742593e-03
1.792412143458287088e-03
1.433166840195308767e-03
1.830145403389472902e-03
1.331202573901651975e-03
1.456031437580850019e-03
1.238813486384861273e-03
1.750242413608500691e-03
1.071434927214447164e-03
1.406995770686932101e-03
1.137943255471771109e-03
1.134616232086639587e-03
1.151465990296918207e-03
8.958055765512715207e-04
7.703844194986361749e-04
1.202385531599237112e-03
9.358969520791432517e-04
8.207775413680840071e-04
9.319461904992859536e-04
8.711155587175986592e-04
7.422369775774012579e-04
8.442392956448246943e-04
6.964824743908512583e-04
1.039852023981831242e-03
7.868247466713482186e-04
6.931762454897710812e-04
6.434175238763384375e-04
6.282902088814157349e-04
6.745862550094558485e-04
6.065005184314395392e-04
4.087441999956475946e-04
4.205922588312871468e-04
3.778020731302067503e-04
4.066932100151229856e-04
6.622809307796559408e-04
4.808664033170637064e-04
3.812889977779232442e-04
4.669227608967915777e-04
4.651936424670127801e-04
4.503067486171796752e-04
4.131806460037981688e-04
3.902317337618546600e-04
4.528085265304848672e-04
3.908544910624714430e-04
3.862875724992900772e-04
5.825349815265778997e-04
5.422452963335308573e-04
6.017878821671374112e-04
5.056645217718369612e-04
3.888810973686485095e-04
3.637173800671716917e-04
3.481186043781392403e-04
4.159085399733433719e-04
4.728158970127502303e-04
3.304250191846838658e-04
3.007351377600983589e-04
2.840169120285410131e-04
3.475590977489242950e-04
2.641189196801868588e-04
2.649927943245769524e-04
2.564975278339376441e-04
3.094719454710542772e-04
3.207044893483515513e-04
3.064786621830156710e-04
4.051790247748682239e-04
2.790000028449687863e-04
2.813401075322588540e-04
2.849134670970185357e-04
3.986163512995632985e-04
3.221071027765948225e-04
3.173241623712491633e-04
2.738866956406016406e-04
3.338171331114594964e-04
1.891488880244526771e-04
3.010576008523058178e-04
3.791613760145695622e-04
2.287050523723105355e-04
3.534293453921616424e-04
2.960328668842049371e-04
2.409112567496041191e-04
3.143639075165113872e-04
2.619056368393934964e-04
2.495098009601473543e-04
3.606221970387166187e-04
3.512368756132949743e-04
3.617629697925117682e-04
2.458194799952045928e-04
3.953593638993530002e-04
2.149929693435401190e-04
2.534221837780376019e-04
1.971897606343891995e-04
1.384283985063697320e-04
3.213068326416990139e-04
2.569467900059643761e-04
3.138218273912724010e-04
2.127084806618773083e-04
3.490693142048917341e-04
1.777126163403086601e-04
2.294205657545275723e-04
2.284091721860143087e-04
1.777504839107074686e-04
2.456683640746290531e-04
3.518009654618972637e-04
2.338193668582969065e-04
2.959024184216244024e-04
2.922034317400165615e-04
2.311594462180779908e-04
3.330089674634731378e-04
2.840600879882790308e-04
2.500999571905457297e-04
3.254626265106197458e-04
3.115557582181113783e-04
2.510263575014673454e-04
2.282290661181213265e-04
2.627115516005834595e-04
2.123141762265037813e-04
2.125923049011574362e-04
2.044026040593227567e-04
2.662649957377444254e-04
2.418265264743160725e-04
2.042068711017169802e-04
2.232115124462044631e-04
3.196734158502009815e-04
2.882575173764681531e-04
2.360443778610527010e-04
2.935031390370879123e-04
2.280804076962086868e-04
3.113182270116227057e-04
2.429287305553279319e-04
2.202375674419040918e-04
2.933449569425122805e-04
2.145753959876470218e-04
3.167511717504303825e-04
2.619564504190499687e-04
2.447322359849096740e-04
2.896130142167399613e-04
2.423513513064787239e-04
2.529046017353056564e-04
2.906389402798983945e-04
3.057469933237036419e-04
3.008886050529652190e-04
3.021977582589735478e-04
1.638938220912683486e-04
1.644055516860920552e-04
1.979306616019596565e-04
2.034019178805968053e-04
1.658652736195517785e-04
2.672868725779597998e-04
1.753163193901896566e-04
4.031267802440535730e-04
2.310792792562313402e-04
2.957394637092200518e-04
1.909901862723398236e-04
2.008447550054595632e-04
2.741086333291828381e-04
3.616270849044894709e-04
1.955958601953244891e-04
1.941242456511838022e-04
3.176531103651555887e-04
2.901889870046414632e-04
3.645806256985378857e-04
3.144016735304247523e-04
2.145359272202815304e-04
2.571977699298289011e-04
