1.091427158405701425e-02
7.740500821371308626e-03
6.533416283422001369e-03
5.191608068229443262e-03
4.900010494756829038e-03
4.097375035162227619e-03
4.152972226955937984e-03
4.090994840151573886e-03
3.900234712343533805e-03
3.749465967313785064e-03
3.771151511609650842e-03
3.398346076356022205e-03
3.414882304202934704e-03
3.420872584841035124e-03
3.462984559893467207e-03
3.503704754112879627e-03
3.071642894414208791e-03
3.274337451671778532e-03
3.130148386785422399e-03
3.107751406183446863e-03
2.917931456177864924e-03
2.707924896803035053e-03
2.737667442207256108e-03
2.964589912137806371e-03
2.368186170361386012e-03
2.206244820847039212e-03
2.535453490316856573e-03
2.352931756363030313e-03
2.446790679181326533e-03
2.240885178648031884e-03
2.052323235149117187e-03
2.010763763274525662e-03
1.921967805345509150e-03
2.026025259732056050e-03
1.935241193666975557e-03
1.849449947136018457e-03
1.870057536969921275e-03
1.836383724038909149e-03
1.522176265422420238e-03
1.912985935390278114e-03
1.779560372729242779e-03
1.637265164296457243e-03
1.677841169474642014e-03
1.581470740614404624e-03
1.455975163202186118e-03
1.624205761752366139e-03
1.645546703327248339e-03
1.399530340049311150e-03
1.585265745056511910e-03
1.490262402555252164e-03
1.218371518979514956e-03
1.193409962960391424e-03
1.188995213559328190e-03
1.145762728696958499e-03
1.168935809993013053e-03
1.077691100418373682e-03
1.069549458137343534e-03
1.031581784435589566e-03
8.845516909947240269e-04
1.021962271541332345e-03
8.502606009025970302e-04
7.880347852102093098e-04
7.860826064046561035e-04
9.493741639577044089e-04
7.803038891063610039e-04
7.906894940792885684e-04
7.188723260466989284e-04
6.570433524147392679e-04
5.392918399818105724e-04
5.220870287753615058e-04
8.034452392022065070e-04
6.097690674026420843e-04
5.925719870992843252e-04
5.918181461968263779e-04
5.829836856075798490e-04
5.638693077582856983e-04
4.463100850489870597e-04
5.261224015172885626e-04
5.800377343446669332e-04
4.090511789999751180e-04
4.667722928597822785e-04
4.821324491121325995e-04
5.933097993161759454e-04
6.335196975788617846e-04
3.836805962394371217e-04
3.309151989598010934e-04
3.771202657164227090e-04
4.926429775612833906e-04
3.987441895125926061e-04
4.420731028939028917e-04
5.144929413954738018e-04
3.449397806175175107e-04
3.132650188479163544e-04
3.911568668834228268e-04
3.583257224709368582e-04
3.324397302240933438e-04
3.343673707124350525e-04
3.670352166176005237e-04
3.309884060427384367e-04
2.805290602133497790e-04
3.214534723001150063e-04
2.912481669860161881e-04
2.745803944919078532e-04
3.103281802840987535e-04
3.542132031798886360e-04
3.094614035857104484e-04
3.140235730075824350e-04
4.975757170106384630e-04
3.139954330014654849e-04
3.114404549089816454e-04
3.371480795588896462e-04
3.545572055063672678e-04
3.469739006623576150e-04
2.318290173349280003e-04
2.633842179038739517e-04
2.981953789782595954e-04
3.765943299003718381e-04
2.790210200980941524e-04
3.097156555562710634e-04
3.417007871630156624e-04
2.973932430148165662e-04
3.412117950669715793e-04
2.616914174454060271e-04
3.635947268814457289e-04
3.426484593571019199e-04
2.737893401747182320e-04
2.127995264118928698e-04
2.603433006288305429e-04
3.275244940041527331e-04
3.130465156376063818e-04
3.382949254606901213e-04
2.378680040909658677e-04
2.198591737785429712e-04
3.076132369141948431e-04
2.879140445514044577e-04
2.120298285645527692e-04
3.372634916139899408e-04
3.262287968851806941e-04
3.982959771896416035e-04
1.679940973688190398e-04
3.188839274129093293e-04
3.193770382063920721e-04
2.598292988833517114e-04
2.333664674580918086e-04
1.895547658695220794e-04
2.739025187425622732e-04
3.128769174076256876e-04
3.169846966722469905e-04
2.958192650775251509e-04
1.844096136726092183e-04
2.175618240601792652e-04
1.795138068413776322e-04
1.619956447532974741e-04
1.616180952903334411e-04
1.777791777726051015e-04
3.166785551053236114e-04
2.666823332422851855e-04
2.389444926916839407e-04
2.341520398689567184e-04
2.370134511535948452e-04
3.116696666720375486e-04
3.151295152684641110e-04
4.081375739782011625e-04
2.051611414585832738e-04
2.144884620642328876e-04
2.466102677217210659e-04
2.360127433759171001e-04
2.228482084638064298e-04
3.551152435900609139e-04
3.061607441936509133e-04
2.367179791468304595e-04
2.120803022270245641e-04
2.750857343502902119e-04
3.422551617785207778e-04
2.813075104770856871e-04
2.357369694263172777e-04
2.768403357510038076e-04
2.406392070547075379e-04
2.212372102336074287e-04
2.937968761628842462e-04
2.440121459547500704e-04
2.022056033265939856e-04
2.525274342963096386e-04
2.370351201607528990e-04
2.625589222091800901e-04
4.086243844378875667e-04
2.350249682072230728e-04
2.853052927805840855e-04
1.918550947195840628e-04
2.233804547118328765e-04
2.469632956718856298e-04
2.222136126148813173e-04
3.014280583434683636e-04
1.746706879248161037e-04
2.711352425075821970e-04
2.540986067548975380e-04
2.738317059968256584e-04
3.009581854924656130e-04
2.063227009666199208e-04
1.706342762556323223e-04
1.602712894815456340e-02
1.152557006856887167e-02
8.902019176108243170e-03
6.571936982188671117e-03
5.793503042007729087e-03
5.318165682095685187e-03
5.136148087598810252e-03
4.837223113101786487e-03
4.849676944424813341e-03
4.404208198332204560e-03
4.287485010146505765e-03
3.649800228440618771e-03
4.448335737428935066e-03
3.806417722686229743e-03
3.564817216669055600e-03
3.354414922934326193e-03
3.359427774791791388e-03
3.429123183929051744e-03
3.093219914092920630e-03
3.105409627273639228e-03
2.576240498395936107e-03
3.039192384059224983e-03
2.953466693803821763e-03
3.016113906030772063e-03
2.535209452671695340e-03
2.845555719690175123e-03
2.968070370477936260e-03
2.686926056238977956e-03
2.625526606780281824e-03
2.493396109228496194e-03
2.413878478761143087e-03
2.710481333554615180e-03
2.489586348502603741e-03
2.175695056193402421e-03
2.546585409866908289e-03
2.381163941904976267e-03
2.333897477466734260e-03
2.212251299474617128e-03
2.587603329814731901e-03
2.182562927288758670e-03
2.210399897096669564e-03
2.117504847097703702e-03
1.792607552553046601e-03
2.295067047994397980e-03
2.233113384282517377e-03
2.155566029575103904e-03
1.953390304921226450e-03
1.798605223050968316e-03
1.915962205311760869e-03
1.975503066814945918e-03
1.835075606234956580e-03
1.919809227019640685e-03
1.737288587649085669e-03
1.850530706487371613e-03
1.511390551661315196e-03
1.636614181878590091e-03
1.577808675409686501e-03
1.642753545676854665e-03
1.621980824098624707e-03
1.623878152352070670e-03
1.632828984420089946e-03
1.406310069967019183e-03
1.533535942682018316e-03
1.394917661755062932e-03
1.428113938570667318e-03
1.494937729202248933e-03
1.527589280687802198e-03
1.397671664874311492e-03
1.679453445441847492e-03
1.612010983461052704e-03
1.591864235798580440e-03
1.595022658284567241e-03
1.369338607868683666e-03
1.300935563238000969e-03
1.486290379531331196e-03
1.285948490286542567e-03
1.381837175885830549e-03
1.344606082805926972e-03
1.326605911632319779e-03
1.244990959362757277e-03
1.398750497076328703e-03
1.190536428133638636e-03
1.458756138744417286e-03
1.316661923213065244e-03
1.111948095133721837e-03
1.395246974924713168e-03
1.277628391942696451e-03
1.276723248040713410e-03
1.142361972498534550e-03
1.281001058463931974e-03
1.516115586442580432e-03
1.243413631857349932e-03
1.370736522317755890e-03
1.160196422546805328e-03
1.160873770778232672e-03
1.263813376019912171e-03
1.059629197809747181e-03
1.227753755085048137e-03
1.273035447767932593e-03
1.060631354248053881e-03
1.126945671840844099e-03
1.258129013550213227e-03
1.244251877582050470e-03
1.028527080920695058e-03
1.098427040327761006e-03
1.023030684195229412e-03
1.217468051123257733e-03
1.125409230874591104e-03
1.273486575439353174e-03
1.007615674884290713e-03
1.218247339294868670e-03
1.157329967250285419e-03
1.150953587762536257e-03
1.228927827132915429e-03
1.197388068387261750e-03
1.184941911824735628e-03
1.249838700406256942e-03
1.045852382306804162e-03
1.139064214538840214e-03
1.215357350422753557e-03
1.080224689980133213e-03
1.047198547570224458e-03
1.098849329359274929e-03
9.835475131664342396e-04
9.680150471879506169e-04
1.079277154154761886e-03
9.959251371012139975e-04
1.192540276374859376e-03
7.813144972779115238e-04
9.718604599171232206e-04
9.244178342595540943e-04
1.225668018988324004e-03
9.289921457263233817e-04
1.147141982896358881e-03
1.146284372586098277e-03
8.798290891334145658e-04
8.797100577457930837e-04
9.564761147213551862e-04
8.406096222357481440e-04
8.999894241246766957e-04
1.053507011162593821e-03
9.215791989573215992e-04
8.867807882583858547e-04
8.911104211309292533e-04
8.263158971794568042e-04
7.955493846797806468e-04
9.501219408611233375e-04
8.455485564498183004e-04
8.695320863518485321e-04
7.553985127258938670e-04
7.652494326318010076e-04
7.922954472632734446e-04
8.104695937653574878e-04
8.186475387571209850e-04
6.790322139630169951e-04
6.801801993141509683e-04
7.772270028520641971e-04
7.919369667617748298e-04
8.283928371734389229e-04
5.518588965048865091e-04
7.543312007919494855e-04
6.706988399037411286e-04
6.061985424637150732e-04
5.743159176062537230e-04
5.377381980261816685e-04
6.110529049344060049e-04
6.606382612658542874e-04
5.522060195310152242e-04
6.554313289972024670e-04
6.005768231048744243e-04
6.249124791099652798e-04
7.291954704085265582e-04
4.493796895500487554e-04
5.457994652078509978e-04
6.311241139562578928e-04
5.350895627551227607e-04
4.892816894611282108e-04
5.291967969087221779e-04
4.297674011548915929e-04
4.740537664515223626e-04
4.885800714516594367e-04
4.941717799478023698e-04
4.698915866981900891e-04
4.711975510874738537e-04
6.310406620042841030e-04
4.863630580726613362e-04
4.615857644421142436e-04
4.178181805818623196e-04
5.232929087016918723e-04
4.673986905166654937e-04
4.550790625928655131e-04
4.026526401345043027e-04
4.665899872184006703e-04
4.110754870145921780e-04
4.108307016497877995e-04
3.766028531537388147e-04
3.236472661989481248e-04
4.728370292571906774e-04
3.416292243478766255e-04
3.529818928230191166e-04
