1.130271004157493153e-02
9.491555674649931884e-03
7.672205198697705508e-03
7.458951710295591564e-03
7.006639610286264502e-03
6.391975517824031311e-03
5.285142284381427746e-03
5.268863721095147501e-03
4.559310428894621653e-03
4.400630331665853628e-03
3.810034496626521494e-03
3.892104253322994922e-03
3.830837457105037980e-03
3.286418841992429923e-03
3.853185323148648755e-03
3.371564123901403531e-03
2.913709903633536491e-03
2.813351649167017410e-03
2.467362574864573332e-03
2.765239258236948383e-03
2.788568350623649855e-03
2.485446663364858366e-03
2.040345437959882602e-03
2.274050106865578569e-03
1.890531945881339382e-03
2.264763535341225709e-03
2.097417174290364117e-03
1.908223068508164977e-03
2.070817495795934660e-03
1.864170847004111009e-03
2.121637421704486437e-03
2.003998072232497651e-03
1.708237923489487609e-03
2.113831496442612756e-03
1.534824518927307979e-03
1.665488099228944197e-03
1.621617140426440118e-03
1.701700365372496582e-03
1.828439260745252926e-03
1.594006108223605667e-03
1.241799328797671409e-03
1.524316274286348361e-03
1.541264004361810047e-03
1.446820131240852958e-03
1.401358713473299655e-03
1.331345297987202025e-03
1.614071906336000950e-03
1.471327517465162438e-03
1.290235880040638272e-03
1.286852097966827146e-03
1.141147185802923736e-03
1.352274414398224600e-03
1.149164398995337899e-03
1.210232894461239772e-03
1.077689230228481843e-03
1.118510211413362154e-03
1.276088787257413648e-03
1.041292219850276091e-03
1.066130451162397574e-03
1.285941418355897314e-03
9.798818432842984483e-04
1.101035419709357754e-03
1.170416763338240351e-03
1.194422911451588354e-03
1.174163058194933884e-03
9.469529598890441546e-04
1.166117687137126213e-03
1.008996223201150122e-03
1.161150723545119334e-03
1.212313175236949536e-03
1.011442882280964850e-03
9.084693029271576070e-04
9.081363098720554583e-04
9.153128050697137419e-04
9.802215899429658763e-04
9.150015252034834901e-04
1.117637379690492039e-03
1.085631632937282542e-03
8.728992335002294656e-04
8.566978201230354695e-04
7.741697290278917731e-04
1.102513033119242869e-03
1.127972372969097969e-03
8.432255041850994504e-04
8.287637852517210080e-04
7.489725575381758760e-04
8.309787353018294187e-04
7.235860808046182258e-04
7.697771946672538057e-04
7.529318832499160008e-04
9.500187147066588289e-04
8.773144028562801511e-04
8.062695657585633446e-04
9.365169314999172157e-04
9.027139230534109160e-04
9.219909021306871288e-04
7.876948009547385388e-04
7.084476576431422701e-04
8.500877849219254379e-04
7.617285579897409287e-04
7.589693462801486157e-04
7.196221534216673543e-04
7.026344218196631242e-04
8.011436407836455831e-04
6.758826099718465152e-04
7.161589686152797229e-04
6.086798071512286579e-04
6.703526962018868662e-04
7.122519038972111027e-04
6.291867719087629318e-04
7.074214427798403149e-04
5.929179979051527050e-04
5.292965976730623634e-04
6.904696747824096148e-04
7.576712096982254896e-04
6.734841844277805745e-04
6.581603012590017676e-04
7.286006079988277540e-04
5.865001172983067002e-04
5.355165411216403215e-04
8.035123555471743173e-04
5.505188537598612597e-04
6.665074155810801759e-04
5.115163389736304689e-04
5.130677080326245809e-04
7.153898880233808266e-04
6.427829425165870747e-04
6.742702056156124613e-04
6.284078309523669081e-04
6.263618284523125856e-04
6.851007460701233343e-04
5.523356718284896938e-04
7.475871754386298473e-04
4.965337852885221004e-04
6.323083849802055290e-04
5.844305257012780142e-04
5.126330392665259805e-04
6.040545156044754838e-04
4.704018020105921183e-04
5.948521633331663172e-04
5.034981914847358464e-04
5.612150804642085378e-04
5.258543117793376687e-04
5.728453059472768394e-04
6.308986008048966809e-04
7.184879036321450974e-04
5.384815116489041764e-04
5.340166468555535007e-04
5.161427161087112081e-04
5.307345986005906902e-04
5.823189091375968740e-04
4.938051531323678356e-04
6.184814914327665947e-04
4.475856145575718426e-04
6.096528383647617511e-04
4.169249872799790646e-04
4.824439570057029170e-04
4.249952630774253559e-04
5.037368758367688493e-04
4.386321675501625439e-04
4.849779740697668373e-04
4.627611889342492235e-04
5.062745620554032211e-04
5.859653774322876041e-04
4.848952290770480733e-04
4.175257643897131721e-04
5.435858659345038646e-04
5.008711953735783817e-04
4.065915377189227575e-04
4.387461976016332477e-04
4.853073828847906390e-04
4.752267466020532183e-04
5.071422087897028974e-04
4.485905193849226702e-04
4.058327646552992163e-04
4.844527729741532340e-04
5.595440951601318713e-04
4.125672016576237278e-04
5.624233866506830881e-04
6.253227823065227176e-04
4.559421655310688659e-04
4.767753893591408776e-04
4.246498179613991675e-04
5.061789682031872517e-04
4.855221998834452490e-04
4.358182507354022017e-04
4.271373799749414446e-04
5.208088467294272328e-04
5.473661931975071226e-04
4.891637010701888055e-04
3.915727462680679283e-04
4.722833187568165059e-04
3.553067917955801680e-04
4.087967068613501676e-04
4.061731816807218065e-04
3.492435750627811974e-04
4.586203492261756165e-04
3.569456944751761562e-04
3.344367457806529664e-04
3.409811288495046000e-04
1.273199745151704088e-02
1.003434299654199641e-02
9.018380232058496870e-03
8.272471374790660303e-03
7.287927880030645178e-03
6.582548066615692695e-03
6.263066339761487467e-03
5.913817529699064157e-03
4.998896589126278212e-03
4.833837213053394921e-03
4.734156009515211316e-03
4.179571829434895747e-03
3.788467799916324374e-03
3.629089158617267163e-03
3.619670215685356907e-03
3.245280748641388158e-03
3.863258580699337197e-03
2.767441218634814071e-03
2.751269549666771064e-03
3.064116633501014209e-03
3.116658046933291903e-03
2.648177314565035301e-03
2.346163370716775054e-03
2.279430289905778895e-03
2.225481504257491305e-03
2.104003859276816490e-03
1.945002881380136772e-03
2.180312468702282069e-03
1.912549402371920004e-03
1.871823347639842150e-03
1.719822565668771563e-03
1.718612225503284019e-03
1.943999647373254036e-03
1.740446648264289131e-03
1.814300325527519464e-03
1.529032713764949536e-03
1.700364605528664752e-03
1.510497509878833133e-03
1.451643103970931548e-03
1.509458847048429642e-03
1.658787387365544264e-03
1.327340070030637309e-03
1.585574110666995717e-03
1.362100294855284055e-03
1.336832678431446042e-03
1.417623846826164546e-03
1.478146594632155642e-03
1.263886581138559673e-03
1.150617279211292587e-03
1.363946885102711171e-03
1.238865422275692296e-03
9.894548401427824547e-04
1.269889144337454923e-03
1.033679733505946108e-03
1.264149351856980186e-03
1.222442289469945209e-03
1.022585271730686030e-03
1.278882550473134372e-03
1.054881450818868915e-03
9.516676181651403943e-04
1.057706181628197128e-03
1.090247027729335239e-03
1.107963697619465671e-03
8.978959729568081194e-04
1.103015707444546245e-03
9.854801635394358494e-04
9.226900905871804337e-04
1.073664461386403257e-03
9.344453980127259696e-04
9.338816224711693481e-04
9.118919877082326542e-04
9.229580779003473956e-04
8.663976053975078195e-04
8.566094607626723034e-04
8.479737886363802879e-04
7.221916898543651042e-04
7.911265114890486672e-04
8.357618008887068850e-04
7.972596622925556820e-04
9.484754888708438192e-04
7.505818425561569529e-04
7.116706615462597973e-04
7.011223465515914466e-04
8.249160508892391941e-04
8.206302850218630263e-04
7.637391771456308875e-04
6.804851484363272363e-04
7.778302237446341194e-04
7.944324958936155312e-04
7.172669523761374122e-04
7.431800477027822316e-04
6.849730675010101688e-04
7.725855935193856605e-04
6.180323621075359264e-04
8.564049624282879525e-04
6.738264366573029629e-04
6.555430085032898369e-04
9.115406127339423237e-04
7.079686772548179907e-04
6.089036273126888221e-04
7.433664821245924981e-04
6.072099814651635286e-04
7.517007888505206070e-04
7.217601339238807756e-04
6.419792604694246618e-04
5.349100935000128398e-04
5.199712012350990453e-04
6.090507829684468910e-04
5.331474690967730190e-04
5.657934093538097287e-04
7.324537345705720015e-04
7.721994514350433159e-04
4.832531962476668830e-04
4.940866916500058492e-04
6.765202317363591678e-04
6.627010942042710351e-04
5.095979224074703717e-04
6.674050568236250536e-04
5.095804043828838781e-04
5.192183402304012541e-04
5.556883737529577649e-04
5.545111910727415494e-04
4.851943885953100000e-04
7.894210495378931047e-04
4.553164354977670691e-04
5.252729472946041089e-04
5.306403796796199668e-04
4.655916108018270938e-04
4.446224752031741057e-04
5.498328408116148758e-04
4.584211202099675031e-04
4.577736430054976657e-04
6.289351626793115990e-04
4.609030567630789665e-04
4.801843015707213391e-04
4.204190236370280997e-04
6.015423246216941577e-04
5.292384318771672924e-04
4.858077319545989203e-04
5.665196966245511501e-04
4.778160785710305891e-04
5.254216389765295481e-04
4.351735094305780871e-04
3.772595558478586408e-04
3.360024027933491975e-04
5.115616100572206726e-04
4.426160194277786730e-04
5.217939407977448263e-04
3.902418019387440817e-04
3.644201253597684209e-04
4.946521586194907449e-04
3.884954886773928084e-04
6.551966562931624272e-04
4.852703443590580812e-04
4.120023487133792073e-04
5.269059126748396049e-04
4.304933866387389285e-04
4.235692008845992618e-04
4.484008026229766020e-04
4.369542798674588835e-04
3.712393504280570022e-04
4.972723319653232776e-04
3.938954177132858447e-04
4.243365195517115329e-04
5.066485407870663371e-04
4.186002659412602078e-04
2.831707598346944188e-04
5.928409389921660000e-04
4.002641867162995415e-04
4.025823864561919874e-04
4.320510777869254748e-04
4.836659083171240825e-04
4.470759909038432567e-04
4.368139247850066909e-04
4.257381379370178687e-04
4.369988350241202357e-04
3.745089322519518094e-04
4.735521668255138206e-04
4.252636236911216949e-04
4.770432293678961155e-04
4.694296416868429245e-04
4.241186224118037584e-04
5.221488791501693871e-04
5.452481301882264320e-04
4.880120407412535943e-04
4.943548621011290001e-04
3.638127606305358031e-04
3.117297176637862099e-04
3.237385276169124637e-04
3.515448017173683493e-04
4.868436536187223385e-04
3.575453877635026423e-04
2.827052485347980593e-04
3.800353605689157921e-04
3.109309798147857906e-04
3.798959759886699761e-04
3.147871514857236708e-04
4.883408013647214108e-04
3.130470509341981566e-04
3.226629976279538070e-04
1.107100344064125552e-02
8.599614157314569574e-03
8.118854483458830262e-03
6.881049335752398299e-03
7.076184953044437759e-03
6.250201266538413236e-03
5.813766001818036766e-03
5.449346874595698692e-03
5.308150945527567027e-03
4.860550586304343557e-03
4.402406656807161811e-03
4.686123127199820493e-03
4.478416454453848505e-03
3.847921598694896417e-03
3.758012435766427961e-03
3.363832460734589996e-03
3.359277386423123457e-03
3.000447492711902364e-03
2.889924197281935891e-03
3.427047757566373254e-03
2.943981088751677910e-03
2.941348993994993832e-03
2.359646687508480667e-03
2.471285254591039371e-03
2.485391982544500611e-03
2.300484343649530916e-03
2.358227979916444061e-03
2.084457136487936901e-03
2.242994490122995899e-03
2.213224834143268094e-03
1.954972452521644422e-03
2.004659559293804627e-03
1.804868398072437263e-03
1.881382513967161385e-03
1.795766260581754814e-03
1.795216848941370846e-03
1.740864468459550618e-03
1.769920211619868677e-03
1.547990631045215171e-03
1.503793935316515007e-03
1.612264583987457756e-03
1.639745685020004007e-03
1.514992511894332206e-03
1.473413553444158364e-03
1.328252000839170999e-03
1.121447817474155451e-03
9.745236799845527487e-04
1.219248305853772030e-03
1.386288950971877043e-03
1.251103936530682803e-03
1.049646015583119429e-03
1.000242848493961001e-03
1.150770516532013954e-03
8.776092031657287129e-04
1.147806391658096059e-03
1.115123069279813639e-03
9.817024476199975869e-04
1.158622014268209655e-03
9.908450352207956446e-04
1.078848600083205655e-03
1.010922793917706786e-03
1.189992228615155412e-03
9.756778999570336897e-04
9.715298234992120197e-04
9.473499021753414850e-04
8.895169707674385751e-04
8.427327892765040795e-04
8.074872565197246943e-04
8.253961110424659631e-04
9.689990984835736287e-04
7.409266103919967539e-04
8.388488105248934068e-04
7.305442978893725292e-04
7.500662750958078662e-04
7.891411376993243132e-04
6.375964198296127372e-04
7.132525233268724452e-04
7.013665419693740355e-04
6.605694718569907198e-04
6.134130073064403277e-04
6.802032472952718178e-04
5.940436125873374551e-04
7.230793019952497236e-04
7.542502585014820848e-04
7.035010091421198264e-04
5.448510676471368663e-04
5.031657246285792251e-04
5.581052573369327252e-04
7.566510196407999489e-04
4.871421267086117890e-04
7.456701164975515495e-04
4.515424261763989477e-04
4.714883944499578816e-04
5.782401736053877084e-04
5.855734304567178361e-04
5.156207864394565799e-04
4.811943903413259949e-04
4.852947773603677462e-04
4.619374753006139089e-04
4.322691489071633919e-04
5.684105702365785384e-04
4.737811858959509181e-04
5.894642333890698360e-04
5.916921785243528520e-04
4.602382099504614965e-04
4.911792919627400167e-04
7.031850698044420089e-04
5.382792737378405690e-04
5.056230269614922501e-04
4.906550748831201014e-04
5.508504262424496201e-04
4.479786101651700436e-04
4.694727444988916476e-04
6.297006421702028289e-04
4.485792973831087549e-04
5.117390095902007996e-04
5.045894723796004455e-04
5.345913200023727496e-04
4.762011339246793873e-04
5.288931225593540564e-04
5.436918979380353512e-04
4.648267174283682301e-04
4.259204059500198980e-04
4.856163204229949071e-04
5.312917616390605557e-04
4.662437506956704225e-04
3.714250445797095956e-04
4.917822292391377248e-04
4.963616203681880945e-04
4.289760830074249021e-04
5.052739327484623288e-04
3.833708251920822652e-04
4.967407764313036544e-04
4.772704030277588605e-04
3.295774677023813326e-04
4.799166337993709952e-04
4.508964124927405948e-04
5.006533993125936166e-04
5.968239456093232809e-04
5.355965993830216765e-04
4.728980747757127734e-04
4.043767890912763896e-04
5.880888763170472044e-04
3.091445548793966824e-04
5.214991532884877268e-04
4.704291201217750129e-04
3.289417485497284077e-04
4.936812138359794599e-04
2.914435604602153007e-04
3.228446534290010939e-04
3.695664900292758293e-04
4.221946638875151425e-04
3.737914110849976934e-04
3.652731585373908407e-04
6.204043599630157391e-04
5.492505496728083969e-04
5.643764341805440621e-04
4.156738764371017969e-04
3.502931785869176085e-04
4.413398927359257762e-04
3.650910793099731988e-04
3.803577740479624492e-04
4.306043724809360818e-04
2.601282613257580034e-04
3.187064864959496258e-04
3.771771811024240972e-04
4.673626247410148093e-04
3.554650389936686583e-04
4.713760318986112696e-04
5.290119632686135498e-04
3.609604695312337852e-04
3.599059797793138782e-04
3.773507429367106703e-04
4.224346892383323837e-04
4.084014979164538039e-04
3.677111915319358770e-04
3.909371308289735780e-04
3.795644302783465762e-04
4.019243286290941075e-04
2.759466271243307678e-04
3.713064100341126328e-04
4.089879554414685425e-04
3.388605437693870126e-04
3.896443792986981070e-04
4.179151573013364929e-04
3.462138855196139620e-04
3.672270916772607530e-04
4.122187711209507333e-04
3.870053465375444812e-04
3.877964744419676313e-04
3.640620164974753270e-04
2.925642501905995063e-04
2.868468987018146787e-04
3.778796096961245521e-04
3.297976036473401762e-04
4.116005100503056235e-04
3.456918605884706786e-04
2.352889175900041430e-04
3.514512097727573448e-04
4.324680177524645175e-04
7.815054441283088293e-03
7.190627788251302555e-03
6.286900936587583311e-03
5.323609384088621999e-03
6.155982392549518012e-03
5.295074244318891815e-03
4.598784815495526868e-03
4.861143861603207245e-03
4.607127682137172192e-03
4.246152477003415499e-03
4.197332369445000433e-03
3.878967836735431468e-03
4.524555641384368776e-03
3.828537836968747693e-03
3.835799043743107206e-03
3.929413521157297529e-03
3.463532700240801177e-03
3.595238276320501802e-03
3.090020719366759483e-03
3.469502715280188554e-03
3.234554306731828033e-03
3.119521743742831310e-03
2.774916539926938763e-03
3.117440129292756157e-03
3.012485736903887379e-03
3.192552737098612592e-03
2.850957582738136709e-03
2.830977295153365436e-03
2.968427996945077751e-03
2.767907971228555919e-03
2.901158425218750003e-03
2.784106969740893223e-03
2.716133242293070071e-03
2.618347460497078005e-03
3.132583771364591541e-03
2.560333203579408246e-03
2.529922680588665707e-03
2.835155337878599024e-03
2.235932055353793968e-03
2.776448042896055568e-03
2.621706538415369270e-03
2.502652217306867988e-03
2.450360876471796567e-03
2.341157106662959675e-03
2.720364695927374177e-03
2.665636023007955657e-03
2.623818513508492656e-03
2.238139558314984623e-03
2.367771037734479889e-03
2.576903784287473687e-03
2.346783128999309354e-03
2.225472196539374226e-03
2.259248464279779711e-03
2.595390199882176285e-03
2.105128856999906317e-03
2.466197669531974834e-03
2.235881019389790447e-03
2.629618094946196971e-03
2.025146396997752618e-03
2.055419488694906760e-03
2.678321792672230806e-03
2.189425134961703323e-03
2.340918868892906402e-03
2.058501483534230792e-03
1.944675653553530614e-03
2.448772205713552197e-03
2.274768556094375338e-03
2.455080924218949745e-03
2.371365967219193904e-03
2.038851020766820066e-03
1.857682611018637853e-03
2.113524228930831195e-03
2.480494365018272307e-03
2.100669569663246583e-03
2.114465976773706457e-03
1.925571221436647718e-03
2.090348960778448673e-03
1.802458406989837503e-03
2.144208279222986624e-03
1.902745654903080508e-03
1.715089523304534624e-03
1.842654757535727716e-03
1.974301855506163661e-03
1.907177631188659850e-03
1.715350516845876028e-03
1.456156758173225707e-03
1.706114425470216245e-03
1.876205021201525491e-03
1.559727013807535312e-03
1.551509123459041128e-03
1.690376391266464051e-03
1.549125338404309937e-03
1.546934144516953769e-03
1.579981992092166498e-03
1.387699848310317008e-03
1.325416098628608152e-03
1.290036361755883543e-03
1.225656986832107664e-03
1.358366779242711764e-03
1.246032840213032178e-03
1.370617882570181190e-03
1.001017728537015317e-03
1.221529367399804000e-03
1.227663490904126742e-03
1.260320929819612468e-03
1.002671078023271989e-03
1.146220974624745370e-03
1.159589247983455751e-03
1.174851780742128260e-03
1.102234807382043713e-03
8.483491749363136769e-04
1.011379981801570349e-03
8.897994061401182098e-04
1.125921352335183812e-03
1.038403870002931051e-03
8.521429287171172762e-04
9.126216398973319155e-04
7.298204320275447632e-04
7.907305901035596718e-04
8.636093043984244266e-04
8.178428096528717051e-04
7.091695807201342516e-04
7.212874797013699157e-04
8.401201644057318396e-04
6.514504793220729506e-04
7.973802002444393966e-04
6.602715162360092704e-04
8.370560599677487335e-04
7.941469419725094570e-04
7.401859969033280917e-04
6.754731215022694024e-04
6.672506677807971132e-04
6.161590051590171147e-04
8.550804715429030645e-04
6.240798311817202793e-04
5.624043560826727517e-04
7.045803085535817800e-04
7.476935104950982458e-04
5.713025769092106021e-04
5.885636907796004680e-04
6.296013367584202269e-04
6.372378627354652325e-04
4.828708927135522133e-04
6.685858075020645330e-04
6.112994839566274208e-04
5.386934045293265139e-04
5.275798045698068539e-04
6.482757367997360465e-04
4.695874452948778366e-04
5.784203510269050885e-04
3.760643109393807526e-04
4.937260776235741222e-04
5.017837492503549046e-04
4.565640291390588024e-04
4.721780742563685962e-04
4.008522128293307007e-04
5.289465731777298618e-04
4.969545175338985210e-04
4.005673079118948765e-04
5.982094294468415230e-04
4.185209956608579307e-04
5.415931194555634320e-04
3.271500387111089814e-04
4.057611996744064919e-04
5.204234090443599081e-04
3.895487410374848247e-04
3.768960623126427212e-04
4.032751157838493361e-04
4.186109506675445013e-04
4.648000427427273484e-04
3.680207173843638713e-04
4.471078260571276219e-04
5.525352905721425678e-04
3.886364042583329015e-04
3.652529314741442823e-04
4.294275418574161618e-04
3.883418879448846672e-04
5.091700929495748817e-04
4.672159406370404722e-04
6.779264289925451825e-04
4.123412162607906217e-04
3.810627183684356378e-04
4.058120685720284504e-04
3.836532684951127203e-04
5.618625767931720305e-04
5.790547836700271622e-04
2.971378343922526089e-04
3.882255909254464510e-04
4.452865256572846597e-04
3.376610676150901269e-04
3.716707822410264539e-04
2.923220127466902296e-04
3.981952079132114464e-04
4.366796238046768974e-04
3.605629068383492397e-04
3.789337513041002303e-04
2.977324036108341954e-04
3.603242982939680594e-04
4.735642601811085317e-04
3.657678370457759232e-04
7.146132930772469000e-03
6.259734588460599131e-03
6.131422247475450810e-03
5.040304924834794476e-03
4.741509861241971491e-03
5.164058622317179575e-03
4.168356745832626359e-03
4.376291815987802536e-03
4.166176142264207960e-03
3.922268111279911956e-03
4.456150001981469544e-03
3.955364055925975064e-03
3.806028083202461776e-03
3.559039118940177104e-03
3.625207390616485420e-03
3.411812079072151782e-03
4.001969714084376017e-03
3.398890222773814918e-03
3.194780466111594996e-03
3.279313330284444605e-03
3.529361137694989048e-03
3.071008440444167320e-03
2.826886751264287567e-03
3.181982646610508059e-03
3.295227586098334327e-03
2.591627342326846550e-03
2.739981863546119001e-03
3.002819757073747764e-03
2.676017542882554168e-03
2.483755691230903062e-03
2.496699496847297473e-03
2.763210694772519349e-03
2.959095096017827498e-03
2.970029246532501777e-03
2.517618124775126975e-03
2.781987592588026914e-03
2.973686821637899769e-03
2.448668286617494694e-03
2.774975066291436587e-03
2.723668015673294529e-03
2.389195933780494108e-03
2.401737641825996139e-03
2.222616140887950786e-03
2.244663635632207499e-03
2.295331112748023872e-03
2.306385821013202941e-03
2.256607837486088175e-03
1.997118014713139544e-03
2.172758485504931725e-03
1.727606103276935201e-03
2.051167524326900915e-03
1.947645652610477396e-03
1.894220405558665055e-03
2.397583811058173753e-03
1.997172523889562124e-03
2.090382470309307128e-03
2.032648761853543540e-03
1.831884295314813171e-03
1.680288702019756830e-03
1.614820677035028185e-03
1.709662002096878908e-03
1.834312878648963752e-03
1.688336746695467960e-03
1.843791822612135534e-03
1.412538382142974891e-03
1.531299778875963580e-03
1.529039264302235746e-03
1.335886528380778038e-03
1.346080198194800348e-03
1.269815156092535258e-03
1.242770538777929201e-03
1.299730159245469918e-03
1.220382432727373789e-03
1.245206883897335970e-03
1.259128671840990810e-03
1.164195850367338858e-03
1.100576592749140381e-03
1.068352230955450788e-03
1.135660356795402393e-03
8.470581058035372979e-04
1.254155188753457162e-03
9.328264033024932789e-04
1.272230527394120625e-03
8.995016703208166819e-04
9.731294816809482606e-04
8.313138932681402027e-04
9.435591410737534379e-04
9.478402763165166833e-04
9.465798532382468933e-04
8.504513755486359239e-04
9.111052050323892315e-04
9.021035710624208948e-04
8.007748689280932974e-04
6.395132863797892142e-04
7.228659852842808653e-04
8.330658086566494758e-04
7.548671187628877566e-04
7.837125513991891057e-04
7.772682551385676208e-04
7.921080506701344559e-04
8.383936757413723573e-04
7.632434588638187245e-04
6.514156118051922517e-04
6.340000538166412625e-04
4.919560259734681584e-04
5.897401294767817825e-04
6.377612730662785001e-04
5.935033173257303618e-04
6.499942224396162982e-04
4.863338717540494072e-04
6.681317726321550632e-04
5.274465856175622469e-04
6.357081775354156417e-04
5.569643032578841524e-04
4.577647492202407964e-04
4.641630302264498908e-04
4.990778947544932675e-04
5.235957154437961836e-04
5.220210528048413456e-04
4.504727560955407162e-04
4.885042720303225949e-04
6.464267428948622385e-04
4.223130539048186582e-04
4.091474490127353092e-04
4.145438267425874401e-04
4.386527249796504102e-04
5.274210711896099024e-04
4.601926641916095906e-04
4.417404020577303525e-04
4.115640567257453086e-04
5.575631041334697113e-04
4.277497196013488323e-04
4.524248370139510866e-04
4.404862834256201287e-04
4.244325554052866267e-04
4.750375796489167413e-04
3.543846712901199680e-04
5.380654941100418420e-04
4.643609977317483817e-04
4.333424276117825436e-04
4.821898654911241366e-04
4.314875250436625564e-04
4.608466542115746689e-04
4.273276980610585252e-04
4.110880139546399525e-04
4.124666739045226849e-04
4.002026154154292303e-04
3.475062045902171937e-04
4.243948795292495912e-04
5.502205549465927215e-04
4.084484225826898185e-04
3.862643896403519794e-04
4.116794643375248919e-04
3.449170914723437287e-04
3.100106539871902434e-04
3.756202056097793229e-04
4.552307911958874964e-04
2.951206416684920564e-04
3.576928727304640176e-04
3.687066552532439201e-04
3.868081233905293348e-04
3.565395204214727443e-04
3.655870051272255838e-04
3.689645494148741101e-04
3.303458145200791063e-04
3.731051549968472658e-04
4.304581514020244803e-04
3.089387465018481049e-04
4.906503304930517895e-04
4.066414186009309484e-04
3.385855112377766929e-04
4.496397261499820996e-04
2.794499062061250871e-04
4.045307275399034896e-04
4.199828465302410385e-04
3.636982204789987461e-04
4.211166712395214562e-04
3.022504660937438969e-04
3.160343973860404998e-04
5.291183369914992385e-04
3.807784678958037183e-04
4.102061621653052548e-04
2.110261292356876983e-04
3.661958195957104589e-04
4.919792606265099844e-04
3.889831363697651700e-04
3.074308575315848335e-04
3.800543495829089569e-04
3.647455775808508549e-04
3.361430913397731035e-04
6.427534544985458176e-04
3.243546404573388608e-04
3.250370797306043058e-04
4.664280967097214625e-04
2.828257696824848511e-04
2.494028327587605176e-04
3.714810538611515445e-04
4.763558528431133254e-04
3.379856799668040646e-04
3.107725648677783781e-04
1.124136135722067498e-02
8.954547921913025288e-03
8.344505874145251301e-03
7.560267673944784383e-03
6.814390536561271139e-03
6.250710880324375496e-03
5.565309232232043546e-03
5.562918039735215148e-03
5.784523417873659035e-03
4.805493531939167284e-03
4.698393118029831061e-03
4.590024314292569241e-03
4.496322141441758125e-03
4.167954679416295549e-03
4.217030521988782144e-03
4.041665332307015079e-03
3.703318640421587871e-03
4.285643881393214061e-03
3.954086830050079771e-03
3.664167041027503735e-03
3.275713384734806055e-03
3.208439308657613787e-03
3.251455860679937360e-03
3.153914134132428104e-03
3.021895403630792121e-03
3.404670078687867252e-03
3.225641240405946464e-03
3.102540602607915809e-03
2.841372366873970434e-03
2.831342057743178875e-03
3.032753989238759496e-03
2.914893804917939590e-03
2.832592413350987215e-03
3.098690676537597943e-03
2.812703379918596314e-03
3.198542158287687176e-03
2.661721688800459951e-03
2.979827842197302346e-03
2.719572709087826612e-03
2.699532844037934309e-03
2.631553982908686751e-03
2.814333232156282505e-03
2.514165439563759152e-03
2.774265291113568732e-03
2.489499274281735397e-03
2.661664307402264451e-03
2.290869427738539965e-03
2.430903889470370505e-03
2.978069652742679208e-03
2.255122956551870728e-03
2.362100657505125656e-03
2.419377804729019865e-03
2.440466906114102663e-03
2.045115843653438903e-03
2.267073351553350324e-03
2.345924161034698696e-03
2.452616144591864000e-03
1.771864077452146857e-03
2.163357038491811601e-03
2.086559345153428391e-03
1.972335849626888349e-03
1.891468421962125279e-03
1.922303675355820085e-03
1.813669140979128069e-03
2.121538581984321048e-03
1.791707894437860604e-03
1.951539948595010232e-03
1.678187696827447561e-03
1.890089564637230379e-03
2.010964712725202275e-03
1.820659270896432536e-03
1.743223932642021246e-03
1.663084077836420038e-03
1.623534773032557499e-03
1.501496537214527804e-03
1.292838422467662562e-03
1.457808516942701860e-03
1.657349714005121322e-03
1.317424413427199792e-03
1.491265724967286155e-03
1.362892866624762500e-03
1.507765571285984985e-03
1.352499247181102038e-03
1.237370045074681624e-03
1.036495902832314242e-03
1.329488751197337171e-03
1.235587528645124000e-03
1.185045844842996798e-03
1.328549456430003217e-03
1.276209622887367057e-03
1.328803225634708762e-03
1.201521724595241980e-03
1.055150666296071627e-03
1.077652660890340841e-03
1.334578584882860353e-03
1.141221036166172043e-03
1.180876216260548506e-03
1.007523291185842551e-03
9.828502324972371307e-04
1.086452076472552153e-03
1.063211549715434301e-03
1.155739074156524049e-03
1.123519637556330553e-03
8.427047523022687670e-04
1.087805093213253804e-03
1.080914163437522724e-03
1.193610883913759357e-03
8.529161064900411815e-04
9.411893512950297858e-04
1.205817976405690328e-03
1.070779448662684263e-03
8.111945964832806277e-04
8.429585903732064733e-04
8.498723836661975506e-04
8.818872125345919577e-04
8.396910805236815212e-04
8.560308980385747391e-04
8.742877925055486665e-04
9.000744819274222874e-04
7.331906561392348420e-04
1.114820047763358246e-03
6.829968598201299756e-04
8.629964275978230237e-04
7.172664281688903576e-04
8.601065309989872065e-04
7.558473083466230036e-04
8.651209581874985677e-04
6.752919172690469152e-04
8.025428074489096564e-04
6.132016332283593552e-04
6.924771494117992754e-04
7.508320530906220647e-04
7.300155055623216982e-04
5.358398937589242683e-04
4.904921788803917604e-04
8.161054375348184009e-04
6.443006005157000948e-04
6.515430312971845495e-04
5.053146489333096292e-04
8.498872160197165626e-04
5.050269284235242573e-04
5.850790434813457619e-04
7.563985267741157870e-04
6.770952364086868513e-04
6.855154365383309134e-04
7.851648559481019807e-04
8.984569808732911778e-04
6.021450450812287913e-04
5.251329371898094678e-04
6.634928746501386754e-04
5.862744939548608647e-04
5.534755946066741150e-04
6.263804605752959498e-04
4.993722997018446019e-04
6.203208797511475248e-04
6.429042773193824334e-04
5.389841404524198243e-04
8.408271406359080213e-04
5.323708180349495667e-04
4.185402654512532239e-04
4.622251556599468736e-04
6.866571673916424534e-04
5.465976017512350071e-04
5.722260775278265044e-04
5.991315701864910470e-04
6.062764139389276163e-04
6.818912323400677655e-04
4.506622024279052785e-04
6.243439204168740875e-04
4.010690085275853134e-04
5.372662462393359983e-04
5.628113708939230797e-04
4.196883114763808043e-04
5.132938117551333335e-04
4.815784255147517734e-04
3.980737667511405342e-04
5.148318330613632643e-04
3.762102725300003891e-04
3.632728089854458942e-04
4.493717553658641006e-04
4.978727879143413082e-04
6.498342675868989948e-04
5.796091131596639578e-04
6.237721119511097090e-04
4.485934187015219732e-04
4.312278718859377524e-04
5.264348888887881994e-04
3.571100262320867080e-04
6.706425257893694480e-04
3.943331419216378197e-04
6.665352544363706278e-04
4.117019387630885263e-04
4.624125794966960079e-04
4.821069964439234079e-04
4.256479046298722313e-04
3.982324464085126858e-04
4.057010566554733466e-04
4.544893969821994784e-04
3.868967536884565517e-04
3.497376247234840196e-04
7.079884009850889032e-03
5.385265670408936889e-03
4.952419651744088824e-03
4.786134488896687939e-03
4.074835270473420312e-03
3.516815296960761061e-03
2.869918503251439601e-03
2.673693651399289967e-03
2.570400338838579185e-03
2.377520509343179766e-03
2.116080829355521109e-03
2.210723971215036721e-03
2.472158792688805562e-03
2.025022835888470873e-03
1.795036158728911813e-03
1.764783251123037966e-03
1.610337171675975398e-03
1.757562413985315486e-03
1.585568972719268721e-03
1.598041445949133221e-03
1.648111020662750004e-03
1.532074751850402705e-03
1.460442701440210767e-03
1.485074783651028907e-03
1.493047854807381947e-03
1.300830105843302220e-03
1.617234485995315552e-03
1.339376086018501111e-03
1.575826216521039602e-03
1.541059514701854927e-03
1.382385838357980123e-03
1.260011089754611846e-03
1.242596703639256561e-03
1.268623874132665530e-03
1.155820712814885354e-03
1.057906141588932369e-03
1.047884211181654424e-03
1.232328243134933610e-03
1.034474176426887493e-03
1.553188801964137944e-03
1.116375070335011432e-03
1.312486734679305100e-03
1.127225834887266021e-03
8.467625048938359766e-04
1.222191262017321978e-03
1.112243883097087382e-03
1.103563527206315176e-03
1.120530048855511440e-03
9.212430979071151160e-04
1.146770008314805522e-03
1.111339999400801082e-03
1.239843037330996822e-03
1.159982932604865236e-03
8.666602406915344115e-04
1.029769585761161621e-03
9.080517853057648581e-04
1.042519049337629899e-03
9.528864676466783368e-04
9.661598901065798772e-04
8.297779717862940885e-04
6.923099416262928907e-04
8.225594050870824181e-04
8.256216481355022063e-04
8.143156775208340581e-04
8.215607974339650399e-04
8.448723013127629189e-04
6.753925479854039349e-04
7.373086244861631888e-04
7.583474311839075166e-04
8.631476822004088834e-04
7.755356262498930286e-04
9.610077198959204869e-04
5.991850243908802831e-04
7.177356874006057819e-04
7.210114902684167104e-04
6.290723614986865053e-04
6.520941784835185273e-04
7.643169611811218012e-04
8.072811359932305364e-04
5.679412438079553538e-04
7.541363310636650663e-04
7.840485543840758353e-04
6.257207003556378155e-04
6.201201898442879057e-04
6.381990791880162717e-04
5.605107783070786831e-04
7.328062645290955857e-04
5.775460986844338507e-04
8.172330936872113094e-04
7.835191562694243661e-04
6.119178040081135750e-04
7.745088739360486696e-04
5.747799485564530908e-04
6.000082805823411802e-04
4.945269441548397205e-04
5.178608659856184793e-04
6.269290968114321627e-04
5.628145398491185558e-04
5.959012871695201774e-04
5.955182107891601739e-04
5.181181222299741096e-04
6.006584833396222400e-04
5.967260688872697005e-04
5.347865021935113705e-04
5.178659473996302665e-04
4.800777659154029098e-04
4.962040797276204285e-04
4.927731953377617602e-04
4.896076319235442842e-04
6.394254216852482409e-04
6.743473310176287261e-04
5.357658669475837132e-04
5.969849946942384911e-04
4.956424764755371082e-04
5.688440440027725531e-04
4.365829147021244028e-04
4.429721926450455594e-04
4.111884407064017588e-04
4.589048957767474790e-04
4.783259280850202244e-04
4.177867057144971086e-04
5.125233889589908554e-04
4.344382028934404283e-04
4.754386290781870139e-04
5.466634506523793124e-04
5.665592229069441044e-04
4.923588838793013789e-04
3.833343879105707841e-04
4.097777419809767174e-04
5.422542679289349410e-04
4.135661302725607280e-04
3.746474138953612143e-04
4.593376451755559753e-04
5.424076509217556907e-04
4.902517583545012991e-04
3.444752876474999059e-04
4.114965791022009989e-04
4.771653768853786892e-04
3.803134612638675582e-04
3.565541725466248035e-04
3.481548822132016219e-04
5.997822403295341442e-04
4.519289129282233475e-04
4.592377946331174798e-04
4.317604477254849416e-04
4.645800870201471922e-04
5.740999496013643455e-04
5.052393594137741251e-04
3.602291597821632996e-04
3.257957252602791676e-04
3.429346461760948706e-04
3.938121959472656863e-04
3.769443609545480856e-04
3.630341870250811120e-04
4.579617940340049986e-04
5.504594552135505525e-04
3.493208429923427838e-04
3.484688953929587774e-04
4.788277921343939147e-04
4.528167280589551202e-04
3.551948423170248059e-04
4.490763403187034153e-04
4.370531160718046926e-04
3.395446104099975049e-04
3.795906797985984515e-04
3.651122483921340200e-04
2.868926181890940619e-04
3.637509031861815845e-04
3.856818530497893582e-04
3.369561099524423509e-04
3.337995524371750733e-04
4.099445571101312247e-04
3.393406863971687448e-04
3.527165502012832854e-04
5.263213819597239995e-04
2.952881224348169464e-04
2.838688262966487796e-04
5.229553427970184964e-04
4.140324207983631100e-04
3.773368537836746528e-04
3.562619508843886673e-04
3.764500240605594961e-04
4.927301983614698622e-04
2.927125698150082056e-04
3.459007961611401671e-04
4.266677750902128641e-04
3.709621682669653198e-04
3.620679751032973570e-04
3.937245927469398832e-04
4.817119827498356210e-04
3.821661721494923336e-04
3.207674049926501070e-04
4.687185520759057367e-04
3.949008134611492471e-04
2.897018036519052875e-04
3.644786070414809953e-04
3.515959566205012488e-04
3.815464340488072814e-04
3.372333897176116313e-04
3.931958779516894764e-04
1.182878700739316974e-02
9.531354277940780328e-03
9.076899616393997727e-03
8.236362036372520123e-03
7.445597801168657437e-03
7.573470212843193272e-03
6.999008163888903455e-03
6.818625509288175901e-03
7.147912279126339419e-03
6.512889616513591051e-03
6.497352665853828313e-03
6.734679012835850798e-03
5.845685656852429857e-03
5.425206858122741393e-03
5.446811402691209558e-03
4.733082779671625440e-03
4.633183119616052226e-03
6.046365567864558921e-03
5.181649709036666163e-03
5.217064351604280836e-03
4.792558051764539417e-03
4.611510662924901693e-03
4.801033786887412558e-03
4.590358534147631620e-03
4.871226588183598383e-03
4.399978131836311535e-03
4.354764931500519631e-03
4.321848412947242035e-03
3.919799422752175133e-03
3.869944738766596670e-03
4.295994901927523146e-03
4.952258834930521603e-03
3.834150816470316414e-03
4.153667635302463190e-03
3.934550810850381830e-03
3.951760487077835005e-03
3.820783925611408172e-03
3.870685858011750635e-03
3.635062145904727204e-03
3.644786076331001101e-03
3.424675523941350663e-03
3.406747586392540328e-03
3.832698420894196933e-03
3.460107964510447665e-03
3.386484064348174727e-03
3.424954770492372180e-03
3.383714292505626831e-03
3.367913174358520834e-03
3.507126590603412697e-03
3.195963668149254255e-03
3.207856670991833525e-03
3.319905867327305193e-03
2.970725639763339976e-03
3.301305390301594034e-03
2.710311478796016693e-03
3.078997719790248222e-03
3.087506942270605570e-03
3.053718635495569766e-03
2.833217712128355270e-03
2.784146513016283464e-03
2.705774264685649466e-03
2.657257334376834923e-03
2.972880622419030172e-03
3.071463719616994437e-03
2.764265525280237834e-03
2.685885345974282912e-03
3.054814065779801191e-03
2.770986370761945039e-03
2.900889579791343653e-03
2.886066087184314954e-03
2.944138510744834236e-03
2.896831339916305925e-03
3.052575549929936738e-03
2.608741654754075101e-03
2.751383062718104622e-03
2.600265163506969290e-03
2.697672647029698834e-03
2.554484647809780740e-03
2.621865098940433236e-03
2.785823213679081145e-03
2.339919787443314747e-03
2.435509734412706628e-03
2.604622443684534439e-03
2.941343580423652626e-03
2.682301845156727371e-03
2.827328039164585249e-03
2.726194903225766242e-03
2.594492553873062324e-03
2.799066951599440967e-03
2.699806091060477642e-03
2.684329518278891213e-03
2.962536758536638004e-03
2.537751928409368030e-03
2.479736005660898579e-03
2.650895305036975180e-03
2.646920772181211856e-03
2.447249970164960819e-03
2.697912870755804493e-03
2.589023788493488576e-03
2.867287225903965286e-03
2.574369564244401165e-03
2.605324712053311287e-03
2.865048931664462839e-03
2.506943974504856343e-03
2.649706220819364466e-03
2.963043428352088449e-03
2.460880198325285373e-03
2.638502000981618467e-03
2.544273973026492386e-03
2.561544550313252233e-03
2.651295562973284003e-03
2.541614504198638769e-03
2.359112410720329289e-03
2.336663751188905458e-03
2.760853577301318473e-03
2.713333302082253373e-03
2.275257296931683382e-03
2.443624876689746983e-03
2.417194663765886986e-03
2.737064503173181063e-03
2.748521160507354233e-03
2.709230802190390475e-03
2.641831473881230130e-03
2.416392800794184281e-03
2.434835046287400773e-03
2.364805075764843389e-03
2.539908692160960935e-03
2.561907590075906960e-03
2.725060396867151624e-03
2.319397492470814948e-03
2.539219392780761586e-03
2.542432680290626634e-03
2.688752417572451425e-03
2.596891118373710616e-03
2.419005352612101090e-03
2.779625571969819575e-03
2.935945803387352004e-03
2.373292155885504962e-03
2.469878973335497274e-03
2.537618902092558804e-03
2.580015710749686275e-03
2.502571503972948752e-03
2.466251845316021207e-03
2.518265291244332904e-03
2.384340621846829655e-03
2.325854323600370921e-03
2.419828033749689411e-03
2.407647827319822631e-03
2.284671524348864946e-03
2.463241893654967429e-03
2.155262090111347006e-03
2.536046821591954326e-03
2.387246904111010870e-03
2.188101013298249242e-03
2.420001444989952621e-03
2.341935735587011291e-03
2.545572138135263063e-03
2.540312546315537379e-03
2.350777821866184558e-03
2.413485494096472006e-03
2.655039703132813789e-03
2.517536929060419648e-03
2.437055698008581961e-03
2.371384199118697911e-03
2.606731500209014118e-03
2.394573009620808157e-03
2.370708420632097746e-03
2.361606881065632380e-03
2.357989430217630189e-03
2.373642646658478961e-03
2.290588354901340606e-03
2.426154921949814913e-03
2.368922189181596472e-03
2.321859444654687105e-03
2.473938110743964525e-03
2.429889256564933542e-03
2.587137657211344144e-03
2.284183675016551729e-03
2.238048202050840763e-03
2.297195562685955261e-03
2.289538343824212840e-03
2.469761596681205318e-03
2.521244183779018655e-03
2.316159432541091412e-03
2.350867597700798117e-03
2.289234294877755260e-03
2.683686242575381020e-03
2.628781437480860739e-03
2.556218998456510905e-03
2.231849293829989145e-03
2.365381800736324203e-03
2.229342224378504100e-03
2.611934201487885188e-03
2.564694970281833353e-03
2.203838216841273734e-03
2.344744434815707046e-03
2.769573998854822638e-03
2.165833113520504449e-03
2.463290130512524323e-03
2.628977816215821717e-03
