1.142402164906430873e-02
7.985148644780476479e-03
6.991060798150580680e-03
5.414554006943884945e-03
5.045370475955018863e-03
4.451191995255343592e-03
4.460212188779948128e-03
4.271803203052627895e-03
4.342892708039627903e-03
4.240042740578910119e-03
4.100487085168531831e-03
3.416562226262513657e-03
3.710888325069751359e-03
3.424354307200346004e-03
3.477068774841850229e-03
3.243996479377682374e-03
3.340264411523671817e-03
3.212312124451131845e-03
2.940696724309410648e-03
3.193442625730250062e-03
3.197496239828262476e-03
2.737427110557452692e-03
2.892030120769682744e-03
2.588382863608192086e-03
2.612982086495942158e-03
2.442022632144519312e-03
2.765352591793966697e-03
2.467988037514953770e-03
2.442460536257656800e-03
2.178632752219203383e-03
2.168810650137902030e-03
2.125319885071738635e-03
1.968700736543385621e-03
1.936942842266177467e-03
1.849799220806427891e-03
1.863252807873180816e-03
1.799291808601742593e-03
1.792412143458287088e-03
1.433166840195308767e-03
1.830145403389472902e-03
1.331202573901651975e-03
1.456031437580850019e-03
1.238813486384861273e-03
1.750242413608500691e-03
1.071434927214447164e-03
1.406995770686932101e-03
1.137943255471771109e-03
1.134616232086639587e-03
1.151465990296918207e-03
8.958055765512715207e-04
7.703844194986361749e-04
1.202385531599237112e-03
9.358969520791432517e-04
8.207775413680840071e-04
9.319461904992859536e-04
8.711155587175986592e-04
7.422369775774012579e-04
8.442392956448246943e-04
6.964824743908512583e-04
1.039852023981831242e-03
7.868247466713482186e-04
6.931762454897710812e-04
6.434175238763384375e-04
6.282902088814157349e-04
6.745862550094558485e-04
6.065005184314395392e-04
4.087441999956475946e-04
4.205922588312871468e-04
3.778020731302067503e-04
4.066932100151229856e-04
6.622809307796559408e-04
4.808664033170637064e-04
3.812889977779232442e-04
4.669227608967915777e-04
4.651936424670127801e-04
4.503067486171796752e-04
4.131806460037981688e-04
3.902317337618546600e-04
4.528085265304848672e-04
3.908544910624714430e-04
3.862875724992900772e-04
5.825349815265778997e-04
5.422452963335308573e-04
6.017878821671374112e-04
5.056645217718369612e-04
3.888810973686485095e-04
3.637173800671716917e-04
3.481186043781392403e-04
4.159085399733433719e-04
4.728158970127502303e-04
3.304250191846838658e-04
3.007351377600983589e-04
2.840169120285410131e-04
3.475590977489242950e-04
2.641189196801868588e-04
2.649927943245769524e-04
2.564975278339376441e-04
3.094719454710542772e-04
3.207044893483515513e-04
3.064786621830156710e-04
4.051790247748682239e-04
2.790000028449687863e-04
2.813401075322588540e-04
2.849134670970185357e-04
3.986163512995632985e-04
3.221071027765948225e-04
3.173241623712491633e-04
2.738866956406016406e-04
3.338171331114594964e-04
1.891488880244526771e-04
3.010576008523058178e-04
3.791613760145695622e-04
2.287050523723105355e-04
3.534293453921616424e-04
2.960328668842049371e-04
2.409112567496041191e-04
3.143639075165113872e-04
2.619056368393934964e-04
2.495098009601473543e-04
3.606221970387166187e-04
3.512368756132949743e-04
3.617629697925117682e-04
2.458194799952045928e-04
3.953593638993530002e-04
2.149929693435401190e-04
2.534221837780376019e-04
1.971897606343891995e-04
1.384283985063697320e-04
3.213068326416990139e-04
2.569467900059643761e-04
3.138218273912724010e-04
2.127084806618773083e-04
3.490693142048917341e-04
1.777126163403086601e-04
2.294205657545275723e-04
2.284091721860143087e-04
1.777504839107074686e-04
2.456683640746290531e-04
3.518009654618972637e-04
2.338193668582969065e-04
2.959024184216244024e-04
2.922034317400165615e-04
2.311594462180779908e-04
3.330089674634731378e-04
2.840600879882790308e-04
2.500999571905457297e-04
3.254626265106197458e-04
3.115557582181113783e-04
2.510263575014673454e-04
2.282290661181213265e-04
2.627115516005834595e-04
2.123141762265037813e-04
2.125923049011574362e-04
2.044026040593227567e-04
2.662649957377444254e-04
2.418265264743160725e-04
2.042068711017169802e-04
2.232115124462044631e-04
3.196734158502009815e-04
2.882575173764681531e-04
2.360443778610527010e-04
2.935031390370879123e-04
2.280804076962086868e-04
3.113182270116227057e-04
2.429287305553279319e-04
2.202375674419040918e-04
2.933449569425122805e-04
2.145753959876470218e-04
3.167511717504303825e-04
2.619564504190499687e-04
2.447322359849096740e-04
2.896130142167399613e-04
2.423513513064787239e-04
2.529046017353056564e-04
2.906389402798983945e-04
3.057469933237036419e-04
3.008886050529652190e-04
3.021977582589735478e-04
1.638938220912683486e-04
1.644055516860920552e-04
1.979306616019596565e-04
2.034019178805968053e-04
1.658652736195517785e-04
2.672868725779597998e-04
1.753163193901896566e-04
4.031267802440535730e-04
2.310792792562313402e-04
2.957394637092200518e-04
1.909901862723398236e-04
2.008447550054595632e-04
2.741086333291828381e-04
3.616270849044894709e-04
1.955958601953244891e-04
1.941242456511838022e-04
3.176531103651555887e-04
2.901889870046414632e-04
3.645806256985378857e-04
3.144016735304247523e-04
2.145359272202815304e-04
2.571977699298289011e-04
1.601372807818657318e-02
1.143987640777158199e-02
9.050295585881232285e-03
7.223653992989922945e-03
6.346763545890740654e-03
5.554192114458927909e-03
5.252651887171715106e-03
5.083255721737588162e-03
5.012655475933880389e-03
4.966362353406576780e-03
4.728234251682665590e-03
3.861432676647166828e-03
4.082385170335323110e-03
4.313022062668914886e-03
4.132920279693329257e-03
3.848637213601319162e-03
3.710033526324436892e-03
3.509852941312376073e-03
3.519811906778406996e-03
3.128237268387620146e-03
2.705807857717547338e-03
3.139284414855086913e-03
3.131498109676819630e-03
2.841938148087662375e-03
2.691108745924500334e-03
3.023927737853017439e-03
2.940030555852082839e-03
2.870930215258811480e-03
2.897955489445977473e-03
2.569237952774874878e-03
2.736310434693356441e-03
2.747090958720645182e-03
2.742374938688292574e-03
2.488734169794191986e-03
2.393647204956585173e-03
2.267319358745766011e-03
2.356779793924283772e-03
2.222716791494806776e-03
2.905201393428660794e-03
2.125270964770629989e-03
2.275610999696385528e-03
2.606211552025922140e-03
2.074131507550987241e-03
2.248365605035614057e-03
2.321517347218395033e-03
2.175502458621123014e-03
1.974572857941774007e-03
1.911472754948698172e-03
2.199096679269374466e-03
1.982528631538534036e-03
1.988632679352370092e-03
2.070647500577726952e-03
1.963563574776727716e-03
1.817210131135733875e-03
2.056755578879430890e-03
1.807398402295531947e-03
1.722979601137535066e-03
1.667285542903934603e-03
1.738462057192059762e-03
1.957862206172278352e-03
1.703765640366616818e-03
1.469171195559344778e-03
1.603765136589725693e-03
1.600228548335955181e-03
1.587225750489779097e-03
1.604730279449018138e-03
1.543791689263891709e-03
1.521362336465471865e-03
1.557633384530070220e-03
1.829910269760315344e-03
1.712991154196173704e-03
1.558760684357597681e-03
1.346830411628072155e-03
1.404658113616549797e-03
1.567084389415107637e-03
1.405086889022168217e-03
1.565250816851257443e-03
1.538187119370357236e-03
1.314874328406753778e-03
1.202728565248722958e-03
1.675308030782196589e-03
1.387699819884027908e-03
1.589244236612996630e-03
1.322683067636540311e-03
1.288686137519784447e-03
1.501644439808540177e-03
1.387512204166524432e-03
1.461379343942734166e-03
1.189913308259203661e-03
1.196809838453841146e-03
1.561299675789211416e-03
1.157417786342478105e-03
1.520192259176572636e-03
1.423226226651717885e-03
1.167825943483614959e-03
1.234243255944664219e-03
1.289909086090050561e-03
1.356416990257638955e-03
1.370084173152943952e-03
1.392608775402204291e-03
1.083957396221843505e-03
1.319745054562060371e-03
1.414423413309155719e-03
1.082259389421455498e-03
1.459469925874028184e-03
1.304459976642330377e-03
1.458961462717192625e-03
1.206366966086974690e-03
1.207611635334449041e-03
1.261286552129772809e-03
1.248971725245996700e-03
1.215528102060228766e-03
1.321451290709929616e-03
1.079148036162158597e-03
1.310177672972805130e-03
1.222656282312169218e-03
1.310474223237045877e-03
1.114828081943498861e-03
1.031722535369677951e-03
1.041943253235477762e-03
1.213109731083870935e-03
1.114684842956098487e-03
1.176408548077476079e-03
1.169508062816689009e-03
1.005942837646600641e-03
1.089345845133302126e-03
9.220463569923065261e-04
1.339746820233592151e-03
1.058141300636528115e-03
1.026601846319259714e-03
1.163378801868113210e-03
1.152959984864046494e-03
1.037764562306593696e-03
1.299223323305259692e-03
1.074363617312591723e-03
9.786571866423829369e-04
9.534988710221403707e-04
1.050239179145651125e-03
1.054286308796253957e-03
1.116115849978394081e-03
1.280666497752755428e-03
9.743305429696161313e-04
9.319558637597286088e-04
1.104671352533531659e-03
9.796388829056909553e-04
1.027674635640261902e-03
9.081395640820402737e-04
1.019401589503560190e-03
9.411955961209569899e-04
8.681678125520564393e-04
9.727542701795099944e-04
9.905383404908221778e-04
9.705818675936270234e-04
8.822065965508052443e-04
8.106446884546397724e-04
8.645292550470834447e-04
9.950049576489747305e-04
8.504395475282255923e-04
8.646197580156195217e-04
8.373891775825467731e-04
9.773555260361582731e-04
7.663873877494578601e-04
8.451771073309244375e-04
8.082002935323878701e-04
7.615281593139205940e-04
7.692946431573435828e-04
1.019203230351456435e-03
8.653843280367265467e-04
8.205817451918881456e-04
9.109545490924436661e-04
8.334308502744233738e-04
8.688652312712694115e-04
5.833277350697357866e-04
6.547648626685775852e-04
8.728399986917406705e-04
7.562982999022999087e-04
6.799607645976979420e-04
7.771210135498959892e-04
5.839798639497087440e-04
7.770117242713453498e-04
9.512885687893851694e-04
7.247589950879762544e-04
5.785332150884808788e-04
6.120020795890440679e-04
6.748152106415966633e-04
6.620368591135419867e-04
6.692904234117877382e-04
6.944331218679752893e-04
7.105963486726124545e-04
7.097400215068105922e-04
7.838543985811824433e-04
6.784875055475397820e-04
6.481771905074637519e-04
5.774788344712900034e-04
6.136160182447988887e-04
4.842950782081162364e-04
4.372035798880374857e-04
4.734967680853768845e-04
5.950966174663244179e-04
4.470983400462202884e-04
9.969134666865130112e-03
6.337152218396646663e-03
4.482150525378016115e-03
3.539480040076384282e-03
3.260433480550536944e-03
2.913622415757537165e-03
2.345144597267423414e-03
2.127237782499971641e-03
2.479172179772323736e-03
2.078835375655861684e-03
1.754430126408246249e-03
1.678155169143200065e-03
1.361366465011150384e-03
1.751053799510321474e-03
1.235898140623546693e-03
1.164334199294722594e-03
1.077319134940170342e-03
9.879449886914665191e-04
1.074041900982702913e-03
9.458022365217491623e-04
8.252792598304609095e-04
1.041146334127454609e-03
7.868282789430802726e-04
7.859793682513313562e-04
6.125815310231708111e-04
7.712888712551810300e-04
7.215307741653687046e-04
5.339982305502671833e-04
4.664518431678754684e-04
5.097098965160598572e-04
3.616759835303254289e-04
5.049970944698695119e-04
4.619622330336858873e-04
4.263791723159091052e-04
4.500229884180431683e-04
3.392860682496501301e-04
3.711439957294684899e-04
4.145967794849242383e-04
3.612740617283602407e-04
3.089629927863976611e-04
3.972827842394360820e-04
3.396402572963044819e-04
3.080101156995029843e-04
3.506578930086087786e-04
2.369259393275036096e-04
2.644900646717046611e-04
3.287091690928750642e-04
3.480491177724059915e-04
2.158615734018792809e-04
3.667967646424491468e-04
2.708839006688792961e-04
2.934733848272141898e-04
3.487170408205189642e-04
3.201031736418669116e-04
3.947646840180216166e-04
3.039830456713354945e-04
2.418984002051441373e-04
3.291255963814715413e-04
2.728908265370033615e-04
3.367028272485764195e-04
3.245668426965706010e-04
2.764817356924118008e-04
4.017709285208531655e-04
2.781228261178742001e-04
3.780621089318966788e-04
2.993961777662049184e-04
3.010878173208830777e-04
3.488852900527111833e-04
2.096429272654409814e-04
3.337124573170174857e-04
2.496543779830773246e-04
3.603122900348448843e-04
1.380128262474314416e-04
2.241440426100776984e-04
2.176739330843197040e-04
2.390674102773215903e-04
3.928873891441003741e-04
3.042622750726378666e-04
3.614026321367563854e-04
1.979377813311408718e-04
2.382871150715948350e-04
3.858011813973882820e-04
2.334085128800900133e-04
2.077807950536733617e-04
1.991178022281853144e-04
2.697946615306881513e-04
2.610702964872743670e-04
3.273907417303892342e-04
2.370790161722938216e-04
1.934463315803325312e-04
1.288447785007598712e-04
2.462657979515267548e-04
2.506308771606027830e-04
2.669992022138051313e-04
2.881633500487063015e-04
2.665608125266977213e-04
2.570093322633790200e-04
2.811964603802175056e-04
2.981829293514925983e-04
2.308411135144294857e-04
2.084300889396428769e-04
2.419013485967097532e-04
3.227837262149077513e-04
2.359383629376987646e-04
2.910416146361533007e-04
2.071143772875219669e-04
1.796609429404252833e-04
2.851932602865175914e-04
2.743819215828974256e-04
1.948474058954818844e-04
3.196426294759663334e-04
2.310249823282775616e-04
2.890810022435352789e-04
2.588779121599146804e-04
1.908875355964567699e-04
1.746297671241375804e-04
1.916595453802169557e-04
2.660276663062691171e-04
2.241561655352275473e-04
3.003562634443582291e-04
1.919351553915787933e-04
2.682003434930635422e-04
2.569865084151579104e-04
1.827540568533486676e-04
2.897624437086451787e-04
2.063640428555113537e-04
2.290496201366523654e-04
2.191482810374872914e-04
3.119520758965987905e-04
2.996036935382639932e-04
2.693051858464468040e-04
2.255073896209533468e-04
1.977583486577685901e-04
2.717316876761216582e-04
2.628046494470431815e-04
2.526427707333356310e-04
1.737025666084662801e-04
2.616067279437792048e-04
1.867314906219622039e-04
1.470159177735658185e-04
2.627190408697327451e-04
1.801706707908468097e-04
2.024655980601697269e-04
2.293557752906585923e-04
2.420676689340872656e-04
3.233278897014149611e-04
3.545014043829647354e-04
2.539738732889734729e-04
3.095359351542870119e-04
2.714341488868066143e-04
1.319961027897859074e-04
2.977555140973586756e-04
2.435233589099597418e-04
1.698332352181586291e-04
2.070229493774528029e-04
2.254090348790815934e-04
2.729245334767010922e-04
2.336488303874006967e-04
3.024387530818004044e-04
2.985528055497246869e-04
2.398255160464476954e-04
2.744604600162375840e-04
2.820092013308406198e-04
2.434572408083063300e-04
2.281999877016341327e-04
2.781153302706743102e-04
1.927920950423878121e-04
4.561917111261873381e-04
2.743341574537802585e-04
3.307114485639126022e-04
3.887248901409540158e-04
2.420206911835642849e-04
1.986249865498501688e-04
2.895936533269596880e-04
3.035063772822282901e-04
1.803300224160891974e-04
1.789148090955081094e-04
3.362831247779585198e-04
3.166892631763229549e-04
2.511532764342405688e-04
2.470677163396439724e-04
3.014046396072819767e-04
2.538485687101910138e-04
3.424909515689356088e-04
2.887088774106844058e-04
2.337497657471723778e-04
2.012633707263247751e-04
1.886569274519300787e-04
2.191707568025419439e-04
2.852709726717111982e-04
2.101007138586089007e-04
2.952422194264225919e-04
2.192408941564943925e-04
2.711068512569886346e-04
2.437310477028525879e-04
2.022939084148217548e-04
2.962423891630927564e-04
2.569682783554391725e-04
1.883272171327027289e-04
1.831037811601127219e-04
1.240256667563693904e-02
9.019428641973480792e-03
7.493306560585187570e-03
5.399735273048201362e-03
4.829098704280700149e-03
3.717385743507529983e-03
3.532144121065901310e-03
3.233593017040826967e-03
2.474345747949531493e-03
2.477307122791150285e-03
2.175042743530881256e-03
1.682609050815922491e-03
1.640650056844258908e-03
1.599056250697103443e-03
1.288081184742703722e-03
1.373537040601252590e-03
1.292680941534091188e-03
1.224871906229774154e-03
9.517522633475453131e-04
1.096503436993800928e-03
1.055640169857270660e-03
9.583098727696734431e-04
1.100928281740506942e-03
8.092633535018850521e-04
6.864727763637584745e-04
6.744572871000345526e-04
8.070456406615439393e-04
6.582943461420631692e-04
7.717036745353081373e-04
7.119486256029483595e-04
6.904218816318474783e-04
7.536970267018258673e-04
5.885822223865785907e-04
6.021484366678861444e-04
4.565696861501752912e-04
6.238685169985963563e-04
5.249474507014253999e-04
5.277033090651389591e-04
5.107056942699333968e-04
3.782193334671418716e-04
4.559358742753719107e-04
4.012664854830400030e-04
4.188285723166693120e-04
3.742502871791966723e-04
3.911829260698010402e-04
4.008735896742637861e-04
4.997560569773712436e-04
4.369696758116242696e-04
3.293657498807112116e-04
4.755965548570439960e-04
3.474267792596755222e-04
4.185197757448355649e-04
3.062010406990264832e-04
3.569042157676449722e-04
3.220154684470330486e-04
3.207094898260084981e-04
3.594993339601434967e-04
2.601264907229547396e-04
3.143949641597823530e-04
3.198803596029392571e-04
2.728466823254116491e-04
3.182144633641637022e-04
2.691123851895696473e-04
2.109712637431288007e-04
3.094115857519633139e-04
2.497153960588568977e-04
2.001284333101316371e-04
2.916738466726340184e-04
3.744158408091127765e-04
2.048578795829925081e-04
2.500695978812292330e-04
3.231264970535996373e-04
3.058750959962011629e-04
3.005564941007191071e-04
2.364903278430502409e-04
3.601095981790106149e-04
3.095423958172083267e-04
2.600645757308006623e-04
3.030244575000506924e-04
3.068956568337416480e-04
2.372593764508670877e-04
2.642440146569807746e-04
2.112652962339145457e-04
2.251492789072384593e-04
2.183940906643061508e-04
3.479324114624357533e-04
2.742750857766401706e-04
2.791239669316866734e-04
3.092408862088447119e-04
3.296881997183337409e-04
2.129197169651667054e-04
3.627323483322703046e-04
2.554509904916998919e-04
3.068671345752352342e-04
2.730891815714772686e-04
3.774139677723623021e-04
2.443355523012585850e-04
2.336914342470283734e-04
2.466531357524087698e-04
3.134121956270968790e-04
2.115573609076243367e-04
2.827246693414553480e-04
2.224474974348300549e-04
2.439563506635850088e-04
2.034149163846754593e-04
2.975259256652179607e-04
3.013642956204640178e-04
3.693633899496118200e-04
3.130012615571373114e-04
1.859223626572703569e-04
2.612747535500753449e-04
2.262022250705125748e-04
1.311163240158216836e-04
3.214002947779515118e-04
2.786368267345476490e-04
3.222168812372638858e-04
3.071785248787844980e-04
2.402242663280887425e-04
2.836545280013105796e-04
2.825279045221978924e-04
3.845869555002545681e-04
1.645524722172636567e-04
2.115171454757855396e-04
2.764524325386957804e-04
1.995242152455917184e-04
2.881554378685521889e-04
3.538645726486044918e-04
2.396778080894085283e-04
2.323359854111764489e-04
3.142241290008049304e-04
2.497418859898417609e-04
2.529838717681281990e-04
3.218423606036885376e-04
2.116959337315621470e-04
2.515423275830236394e-04
1.961647677891642516e-04
2.807248352878280451e-04
2.311482432478667581e-04
1.717805081136447587e-04
3.111431987138299493e-04
1.998916831600361377e-04
2.435316180005239750e-04
2.298994990911490399e-04
1.874276027571467051e-04
2.498597800990459694e-04
2.580745642114176674e-04
3.354389268506105526e-04
2.429127805468264678e-04
2.807254842126863381e-04
2.745553374889353471e-04
2.921871107913615040e-04
3.007479996277109824e-04
3.791106280356462688e-04
2.099818732633970675e-04
2.511444843190102638e-04
1.856015195489668645e-04
1.923439418219652364e-04
3.063288530726904213e-04
2.118667334953527881e-04
2.490882663527052565e-04
1.873514237906437341e-04
1.969519321327536931e-04
2.044057543403310362e-04
1.962535758653904949e-04
2.140346194735437413e-04
3.187659788845276232e-04
2.486364093654963581e-04
2.023497419837358424e-04
2.177035112781375292e-04
2.452279563209119884e-04
2.439262323358989959e-04
3.253433739141484149e-04
2.208525132944144653e-04
2.293838423870833698e-04
2.385773037102204008e-04
2.817827084286017580e-04
3.009250678646241406e-04
2.659306084813323201e-04
2.779538636151282494e-04
2.779315944566457253e-04
4.328300241435295570e-04
2.831900961585351317e-04
2.362091237239419272e-04
2.644297494292444095e-04
3.184582638013841449e-04
3.924043477292749049e-04
3.160696795748152432e-04
2.586974710901551733e-04
3.081726763675962655e-04
2.689599283464960688e-04
2.971890825285497528e-04
3.027624665908126844e-04
2.068486782444908800e-04
2.433454973534004973e-04
2.993614033903052585e-04
2.948559239497397511e-04
2.544417286918648768e-04
2.398649711944575436e-04
2.825663814282133868e-04
2.049500613332533305e-04
9.865930410589085486e-03
8.225138321860676893e-03
6.658778207224311241e-03
5.373123480887941061e-03
4.374376943665068962e-03
3.604888371874316599e-03
2.992710848889711117e-03
2.741637543398872667e-03
2.360790412080246425e-03
1.726322929638618442e-03
1.590439566355204837e-03
1.256519261710969948e-03
1.273079961919200420e-03
1.330840309486422401e-03
1.135833867053764878e-03
9.797260662274889786e-04
1.031152389137965364e-03
8.848728130107716416e-04
8.379288539625898147e-04
9.236221602568067679e-04
7.555124243227018255e-04
6.144673151326010552e-04
6.461882618064782036e-04
8.659426857250338005e-04
5.960881400268250307e-04
6.570081119116680246e-04
5.647715695761626464e-04
6.905848737111183744e-04
5.616770754098693308e-04
5.757945823935753382e-04
5.500687997562481169e-04
4.847641289580789659e-04
5.246116889241966841e-04
5.087919678388244660e-04
5.435868505441684984e-04
5.447614946310699868e-04
4.932930014622041726e-04
4.524042513904050211e-04
4.045789688172374277e-04
5.174274596183095487e-04
5.488830673995165332e-04
4.093025470950223399e-04
5.151761821157660459e-04
3.134087626942422267e-04
4.619846447825037838e-04
4.173883845696932382e-04
3.615717801872669890e-04
4.179058483712028149e-04
4.985471630639670693e-04
5.080072817622779957e-04
3.220380042116555153e-04
3.687083592515960628e-04
3.917665571283937553e-04
3.814769012564292461e-04
3.410625970703407006e-04
4.360359484638087757e-04
4.386863710689817286e-04
2.537843389675276118e-04
3.797549414365497533e-04
3.251103546181577375e-04
4.182475413309280632e-04
2.595629618439010411e-04
3.404320211368716542e-04
4.251071247904497641e-04
3.419739895401605057e-04
3.481226457044822586e-04
4.170517430970160921e-04
3.555186006607424787e-04
3.792631172968644049e-04
4.305034760136994265e-04
3.184236935404524682e-04
3.621339014592273031e-04
3.608523902067575784e-04
3.215431791352141300e-04
4.406779128292362402e-04
3.203646123137310342e-04
3.240610613673006180e-04
3.710769729288743157e-04
3.848797329888756225e-04
3.049222943379559236e-04
4.246847474876358497e-04
4.046214149920554504e-04
3.123880880992052633e-04
3.509660396057642795e-04
2.581744689108336765e-04
2.542923362954113697e-04
2.542798024563475145e-04
3.142889783241190060e-04
4.189356853797621127e-04
2.481532048204670993e-04
3.441188003305978294e-04
2.315219844218480150e-04
2.451681597234675603e-04
2.765520420785483324e-04
2.546646687461850966e-04
2.588541298010268998e-04
3.703967494772461566e-04
4.237183007425940340e-04
2.873712268666797631e-04
3.151994782778916315e-04
2.678907110753511733e-04
2.940072207157015671e-04
2.433973164208402817e-04
3.037413082473544579e-04
3.510771138099041955e-04
2.866747993303317421e-04
2.387875066812428226e-04
2.384440567043816239e-04
3.195547483670832523e-04
2.903518078491776344e-04
2.721128392185398481e-04
2.488188799373777793e-04
2.857078780629379589e-04
2.413608265250527518e-04
3.435942473239347872e-04
2.755215867984439626e-04
3.013684044642153670e-04
2.493204901411819052e-04
2.346256452714218232e-04
2.669083252245449400e-04
3.276377441148517478e-04
2.031561914758867049e-04
2.857574326571715728e-04
2.886974498926067612e-04
3.046146990174219971e-04
2.276734184109147074e-04
3.593714120273053259e-04
2.461753145753739491e-04
1.925885219675946280e-04
2.689351749712923234e-04
2.480203055615637364e-04
2.424265843680092902e-04
2.955649390852382874e-04
3.001477354525605712e-04
2.061191637154694001e-04
3.368081797621436113e-04
2.947853320798832222e-04
2.342587808640272939e-04
2.613260816015233745e-04
2.922737775295086715e-04
2.989263408607958916e-04
1.867778237282236020e-04
2.171628061387112507e-04
2.831296047396056337e-04
2.812825039158264873e-04
3.588988906348053454e-04
2.180752673111088780e-04
2.781300557535282270e-04
2.199530082473699633e-04
2.782458400792109376e-04
3.389655634642579907e-04
2.466357430586166299e-04
1.976807066723304529e-04
2.243458528268238439e-04
1.828448883578609463e-04
3.648528636125622504e-04
2.000156540051256648e-04
3.000063174564901458e-04
3.195498866535029237e-04
2.583314537674408218e-04
1.946597102989444661e-04
3.380129116894031727e-04
2.839148935081733938e-04
1.842004783554895830e-04
3.261153282996184788e-04
2.059203449588375978e-04
2.323139776043009475e-04
3.855776028481028295e-04
2.438421147079941620e-04
1.876066010857366240e-04
2.250751763507724545e-04
2.188968884623970768e-04
2.640622704654996267e-04
2.862032052042412511e-04
2.644665833589701642e-04
3.570108648372968818e-04
2.341262581902481266e-04
1.805429611586167882e-04
2.729294034818571801e-04
2.936025563438013353e-04
2.464904457320088449e-04
3.535770426488435425e-04
3.072137322292639583e-04
2.641915220608012649e-04
1.894152644156821275e-04
2.926783640299496225e-04
2.084899526854991358e-04
4.316591962417598571e-04
2.906983688223466200e-04
3.665848804949717321e-04
3.291488325600916420e-04
2.889562303645398789e-04
3.057929067873596529e-04
1.852608204495342914e-04
2.189848879879385812e-04
2.570011849400283266e-04
1.811604909655872842e-04
2.476602060177621190e-04
2.976817658652541887e-04
2.989694890829924789e-04
