6.894284971949053015e-03
5.032595785638242780e-03
3.528136909426098089e-03
3.054792941710997994e-03
2.344445364775588764e-03
2.041023246038702749e-03
2.035429312981461986e-03
1.928679218101195941e-03
1.609843431381104140e-03
1.913200290127835268e-03
1.686739195693457566e-03
1.714937125971524590e-03
1.620922308800974709e-03
1.691816488905123483e-03
1.428369499700290340e-03
1.677178621006244347e-03
1.391176333168035739e-03
1.521398011316937166e-03
1.426443321804110598e-03
1.446557467133898628e-03
1.338520797688987074e-03
1.230934511235185630e-03
1.288035819643477964e-03
1.183692068671887698e-03
1.294081055961033427e-03
1.311604910692421716e-03
1.229464053366529502e-03
1.158975492164614207e-03
1.391373014957349163e-03
1.274621216009373670e-03
1.158975797358074988e-03
1.340552910384845697e-03
1.402784363983944349e-03
1.335882186762130108e-03
1.307957034698305210e-03
1.233644757995911584e-03
1.034916424707363336e-03
1.261504702022919061e-03
1.172500247351132563e-03
1.286571203949371522e-03
1.124350693351011676e-03
1.287605037843076589e-03
1.348145471222802344e-03
1.303032180576663840e-03
1.213634665126587381e-03
1.307781775488934400e-03
1.005782135727301130e-03
1.130134920182938180e-03
1.220191191627105487e-03
1.114388449247136897e-03
1.138307476269171531e-03
1.055372450950255170e-03
1.002436277235254497e-03
1.175251790652399875e-03
1.110797585172077634e-03
1.097132663926855128e-03
1.117354966196262844e-03
1.008955846612809987e-03
1.086560407080557067e-03
1.090343018431312594e-03
1.161172606256918177e-03
1.193683005011925841e-03
8.462074742875171085e-04
1.187785261164669981e-03
1.273364365921549057e-03
1.104409961492438391e-03
1.276437311024045118e-03
1.284575469840780471e-03
1.261278340794674824e-03
9.092466853538004601e-04
1.166224122752950593e-03
1.220407228687117596e-03
9.973210890939637752e-04
1.144136580709387285e-03
1.162949029010457158e-03
9.934433464283409787e-04
1.039507833749554050e-03
1.187746828349128814e-03
1.046704785560063911e-03
1.051020386582821042e-03
1.025997579313805974e-03
1.181370622539465454e-03
1.074760545364129849e-03
1.097616795413598745e-03
1.101371393710661589e-03
1.158150985607151601e-03
1.010709050862965142e-03
1.129856115885712747e-03
9.793626971612151566e-04
1.022141974319632635e-03
9.456154934821964231e-04
9.785992552250703802e-04
1.019092284837690848e-03
9.610507434192963605e-04
1.127202019999232196e-03
1.006287829074466872e-03
1.176532681847326095e-03
1.075386502733761962e-03
1.151178924038084861e-03
1.029579172565870532e-03
1.192612515788789296e-03
1.046661732131255740e-03
8.962892017515024234e-04
9.722671410120758972e-04
1.110166213084788633e-03
1.042274362195255710e-03
9.363018656873937917e-04
9.893126321409463630e-04
8.921833897861906892e-04
9.727940903155977981e-04
1.084943005286276296e-03
1.029710379831134948e-03
1.023568405694046807e-03
1.039727679736004301e-03
1.071303615657707986e-03
9.132484604864737898e-04
9.273357058765391292e-04
1.078373741416109588e-03
1.069983989178235895e-03
1.272735042085679225e-03
9.761346447906688040e-04
1.007218523501537955e-03
1.174922608005543601e-03
1.082341251227837697e-03
1.174454943152859754e-03
1.016584695541587063e-03
1.029457432282044477e-03
1.007531736078707413e-03
9.828053833664668337e-04
1.082994809898967653e-03
1.055123254368944136e-03
1.112942092781156467e-03
1.089769288522616369e-03
9.358841322114584693e-04
1.084224728606697497e-03
9.822960374374842263e-04
1.052377708120250110e-03
9.623173371582915969e-04
1.212747830568870755e-03
8.837035716564786703e-04
1.150108240967905732e-03
9.175652820122073838e-04
9.587916749378387615e-04
9.176285352645655036e-04
1.075305582370289503e-03
1.049098478075962543e-03
1.085863369292238562e-03
9.381403681557112795e-04
1.108272356176283335e-03
1.118106436343798554e-03
1.160439801562187373e-03
9.913340147595338381e-04
8.880586724688208089e-04
8.822369970392478222e-04
9.720810597349804905e-04
9.961826063712708734e-04
1.059495689333962015e-03
1.083504997172832912e-03
1.047731281191094377e-03
1.162613654260291618e-03
1.164078590233812160e-03
9.252150413356780012e-04
1.106682957441314924e-03
1.006792005466425333e-03
8.810722324263595140e-04
1.008615540207910555e-03
9.926721989281031555e-04
1.053323499317880552e-03
1.075289265327794563e-03
9.098600445712132223e-04
1.069052004194590011e-03
9.112304853253309911e-04
1.049326156022260814e-03
9.723985383391607618e-04
1.050471804071032716e-03
1.001965018890924042e-03
1.164486501786184819e-03
8.486538625960098059e-04
9.956649126903471814e-04
1.156495593045470810e-03
1.005008490352923139e-03
9.418231789505501772e-04
1.101507090617882823e-03
9.832777515912209665e-04
1.021633875808006936e-03
1.172209531021289886e-03
1.139415112488804255e-03
1.065325862670822576e-03
9.616505122531093797e-04
1.142490185374378520e-03
1.079086317909080939e-03
1.008762390877607912e-03
1.131489844971633740e-03
9.684311648957277807e-04
1.115891559468347449e-03
1.035231556139010883e-03
1.051796736036284680e-03
9.902007587305750036e-04
1.007611948280816988e-03
9.327672895912166029e-04
