6.894284971949053015e-03
5.032595785638242780e-03
3.528136909426098089e-03
3.054792941710997994e-03
2.344445364775588764e-03
2.041023246038702749e-03
2.035429312981461986e-03
1.928679218101195941e-03
1.609843431381104140e-03
1.913200290127835268e-03
1.686739195693457566e-03
1.714937125971524590e-03
1.620922308800974709e-03
1.691816488905123483e-03
1.428369499700290340e-03
1.677178621006244347e-03
1.391176333168035739e-03
1.521398011316937166e-03
1.426443321804110598e-03
1.446557467133898628e-03
1.338520797688987074e-03
1.230934511235185630e-03
1.288035819643477964e-03
1.183692068671887698e-03
1.294081055961033427e-03
1.311604910692421716e-03
1.229464053366529502e-03
1.158975492164614207e-03
1.391373014957349163e-03
1.274621216009373670e-03
1.158975797358074988e-03
1.340552910384845697e-03
1.402784363983944349e-03
1.335882186762130108e-03
1.307957034698305210e-03
1.233644757995911584e-03
1.034916424707363336e-03
1.261504702022919061e-03
1.172500247351132563e-03
1.286571203949371522e-03
1.124350693351011676e-03
1.287605037843076589e-03
1.348145471222802344e-03
1.303032180576663840e-03
1.213634665126587381e-03
1.307781775488934400e-03
1.005782135727301130e-03
1.130134920182938180e-03
1.220191191627105487e-03
1.114388449247136897e-03
1.138307476269171531e-03
1.055372450950255170e-03
1.002436277235254497e-03
1.175251790652399875e-03
1.110797585172077634e-03
1.097132663926855128e-03
1.117354966196262844e-03
1.008955846612809987e-03
1.086560407080557067e-03
1.090343018431312594e-03
1.161172606256918177e-03
1.193683005011925841e-03
8.462074742875171085e-04
1.187785261164669981e-03
1.273364365921549057e-03
1.104409961492438391e-03
1.276437311024045118e-03
1.284575469840780471e-03
1.261278340794674824e-03
9.092466853538004601e-04
1.166224122752950593e-03
1.220407228687117596e-03
9.973210890939637752e-04
1.144136580709387285e-03
1.162949029010457158e-03
9.934433464283409787e-04
1.039507833749554050e-03
1.187746828349128814e-03
1.046704785560063911e-03
1.051020386582821042e-03
1.025997579313805974e-03
1.181370622539465454e-03
1.074760545364129849e-03
1.097616795413598745e-03
1.101371393710661589e-03
1.158150985607151601e-03
1.010709050862965142e-03
1.129856115885712747e-03
9.793626971612151566e-04
1.022141974319632635e-03
9.456154934821964231e-04
9.785992552250703802e-04
1.019092284837690848e-03
9.610507434192963605e-04
1.127202019999232196e-03
1.006287829074466872e-03
1.176532681847326095e-03
1.075386502733761962e-03
1.151178924038084861e-03
1.029579172565870532e-03
1.192612515788789296e-03
1.046661732131255740e-03
8.962892017515024234e-04
9.722671410120758972e-04
1.110166213084788633e-03
1.042274362195255710e-03
9.363018656873937917e-04
9.893126321409463630e-04
8.921833897861906892e-04
9.727940903155977981e-04
1.084943005286276296e-03
1.029710379831134948e-03
1.023568405694046807e-03
1.039727679736004301e-03
1.071303615657707986e-03
9.132484604864737898e-04
9.273357058765391292e-04
1.078373741416109588e-03
1.069983989178235895e-03
1.272735042085679225e-03
9.761346447906688040e-04
1.007218523501537955e-03
1.174922608005543601e-03
1.082341251227837697e-03
1.174454943152859754e-03
1.016584695541587063e-03
1.029457432282044477e-03
1.007531736078707413e-03
9.828053833664668337e-04
1.082994809898967653e-03
1.055123254368944136e-03
1.112942092781156467e-03
1.089769288522616369e-03
9.358841322114584693e-04
1.084224728606697497e-03
9.822960374374842263e-04
1.052377708120250110e-03
9.623173371582915969e-04
1.212747830568870755e-03
8.837035716564786703e-04
1.150108240967905732e-03
9.175652820122073838e-04
9.587916749378387615e-04
9.176285352645655036e-04
1.075305582370289503e-03
1.049098478075962543e-03
1.085863369292238562e-03
9.381403681557112795e-04
1.108272356176283335e-03
1.118106436343798554e-03
1.160439801562187373e-03
9.913340147595338381e-04
8.880586724688208089e-04
8.822369970392478222e-04
9.720810597349804905e-04
9.961826063712708734e-04
1.059495689333962015e-03
1.083504997172832912e-03
1.047731281191094377e-03
1.162613654260291618e-03
1.164078590233812160e-03
9.252150413356780012e-04
1.106682957441314924e-03
1.006792005466425333e-03
8.810722324263595140e-04
1.008615540207910555e-03
9.926721989281031555e-04
1.053323499317880552e-03
1.075289265327794563e-03
9.098600445712132223e-04
1.069052004194590011e-03
9.112304853253309911e-04
1.049326156022260814e-03
9.723985383391607618e-04
1.050471804071032716e-03
1.001965018890924042e-03
1.164486501786184819e-03
8.486538625960098059e-04
9.956649126903471814e-04
1.156495593045470810e-03
1.005008490352923139e-03
9.418231789505501772e-04
1.101507090617882823e-03
9.832777515912209665e-04
1.021633875808006936e-03
1.172209531021289886e-03
1.139415112488804255e-03
1.065325862670822576e-03
9.616505122531093797e-04
1.142490185374378520e-03
1.079086317909080939e-03
1.008762390877607912e-03
1.131489844971633740e-03
9.684311648957277807e-04
1.115891559468347449e-03
1.035231556139010883e-03
1.051796736036284680e-03
9.902007587305750036e-04
1.007611948280816988e-03
9.327672895912166029e-04
8.332450018193805763e-03
5.145276158779701903e-03
3.731570096013242521e-03
3.553723091155824160e-03
3.231058063375577549e-03
2.903530498826908252e-03
2.753903146879815855e-03
2.434706171357804705e-03
2.394514519303010680e-03
2.081968941079304775e-03
2.098170729158764514e-03
1.916734649674338431e-03
1.820718881884043905e-03
2.200560831204474016e-03
1.740014614104491014e-03
1.888289456883577438e-03
1.617945137791090143e-03
1.834518475426979295e-03
1.736623583662774001e-03
1.661417887034347118e-03
1.493172972809281990e-03
1.638769282956867995e-03
1.703694791639846079e-03
1.567061391483180743e-03
1.683454877908732716e-03
1.562925919498033001e-03
1.594125715365636575e-03
1.494886345101347630e-03
1.633097981207642935e-03
1.648694197670757394e-03
1.583761444996441975e-03
1.391521695165126582e-03
1.613407374511433012e-03
1.552692931977222440e-03
1.662228968888727898e-03
1.504745238059840978e-03
1.483952327595058907e-03
1.411691827267136379e-03
1.556157006368685813e-03
1.405788783248117235e-03
1.433969088568805283e-03
1.709030163374258837e-03
1.543338952698390665e-03
1.422350993202422392e-03
1.587340564361633399e-03
1.578454542006259287e-03
1.540092897542328504e-03
1.499985859842133812e-03
1.460841143195293346e-03
1.408750222424166171e-03
1.359631519233881619e-03
1.497617961025644179e-03
1.504157715065880530e-03
1.385266419587357495e-03
1.453047918883777073e-03
1.488319740022194665e-03
1.529998847626376501e-03
1.417898944905463671e-03
1.536301221378676141e-03
1.414511054076979246e-03
1.601222237074664823e-03
1.362603223521823004e-03
1.458430597306513421e-03
1.460738690188364414e-03
1.455728501430296473e-03
1.563623200116669859e-03
1.567691857459051208e-03
1.374707788132683434e-03
1.434004029624829507e-03
1.486136343430453227e-03
1.439231362428631394e-03
1.354106085707091484e-03
1.479902839628292194e-03
1.534437947227042937e-03
1.442319035559785217e-03
1.369274856326499479e-03
1.460383652450152059e-03
1.624771420997157823e-03
1.268374156898906258e-03
1.603882299757164454e-03
1.583175052460753657e-03
1.377880328237789109e-03
1.414187439836921134e-03
1.537329755494424438e-03
1.352764059176891909e-03
1.452079461977243136e-03
1.589844630499263889e-03
1.382329011666929425e-03
1.748236015477550032e-03
1.520435936824604539e-03
1.427267423247384481e-03
1.482095920601313177e-03
1.480845247365566997e-03
1.341790425798117942e-03
1.346205833669240903e-03
1.272225313711745909e-03
1.352292116429579250e-03
1.235570378984134077e-03
1.440269346303528486e-03
1.487486284386645846e-03
1.414299375039732715e-03
1.448655232808109677e-03
1.425408183011706020e-03
1.325573150081527096e-03
1.493607704847674245e-03
1.302929743915222371e-03
1.217489629843887533e-03
1.140887360425699854e-03
1.384328780022758831e-03
1.365904236022084939e-03
1.220039127951561692e-03
1.315900416836303377e-03
1.209532787178810992e-03
1.361730077946359668e-03
1.313775443222673506e-03
1.369842332703020971e-03
1.081464665469700909e-03
1.104184104100940783e-03
1.118150006176408390e-03
1.081297077616907854e-03
1.379717011494412116e-03
1.259572178827370048e-03
1.150343968336613870e-03
1.203610336020916743e-03
1.160853639273748406e-03
1.225014989731331577e-03
1.158248484311310417e-03
1.260576637155185614e-03
1.053071112288729572e-03
1.231216053737618776e-03
1.318656777835991445e-03
1.165180151329114205e-03
1.178656192791945750e-03
1.340411946477243488e-03
1.275167851643242700e-03
1.109685963384104274e-03
1.258421595540716587e-03
1.107178828915561519e-03
1.235958752423538948e-03
1.250605006730718533e-03
1.436083906749867356e-03
1.170485358518713603e-03
1.353035236317794154e-03
1.305501096385705551e-03
1.164551917728150199e-03
1.350744680692635147e-03
1.314841507442762042e-03
1.320734909514446886e-03
1.222903017203794823e-03
1.133772915009621796e-03
9.885509991374961947e-04
1.280279199292948950e-03
1.280421769192085363e-03
1.298834683147832153e-03
1.096893238054941905e-03
1.122394197742265787e-03
1.071530765291567322e-03
1.186082586215268797e-03
1.225560689244720863e-03
1.097612218271541012e-03
1.131666256655866620e-03
1.126132519984179153e-03
1.060986688334028538e-03
1.143381044475401398e-03
1.141119795937652059e-03
1.262742234815664166e-03
1.137864225776719085e-03
1.202217544912152075e-03
1.182541713704743369e-03
1.168385380642098653e-03
1.167247552951406614e-03
1.040667153387235533e-03
1.109037596568777234e-03
1.048381862334177295e-03
1.061342849176229175e-03
1.058680078267214969e-03
1.229633838024043330e-03
1.214495947925532671e-03
1.189998251760995135e-03
1.139087759050576298e-03
1.078304775538923427e-03
1.129891527548436414e-03
1.083881415055432812e-03
1.191948093511654982e-03
1.192558243545582819e-03
1.178016968136613024e-03
1.029859599248259677e-03
1.226485055688970177e-03
1.103909059898846440e-03
1.153160799574885764e-03
1.018411224047853503e-03
1.143509869957790720e-03
1.282571049337318664e-03
9.802021975244198937e-04
1.158593803720117665e-03
1.247581356909981815e-03
1.030684213115660997e-03
1.074184785936821429e-03
1.185475110757092804e-03
1.209180507409247235e-03
1.065083595934680771e-02
6.483327052213792852e-03
5.149445031280168450e-03
3.533980780371169528e-03
3.285365401452258749e-03
2.564547565604709256e-03
2.173214936968623917e-03
2.086178083367380004e-03
1.912937092839312597e-03
1.891742736105948841e-03
1.686714027495154339e-03
1.710777723984036047e-03
1.701731311147890169e-03
1.399278841908255244e-03
1.533951101400626155e-03
1.488511355827056709e-03
1.469465514055395133e-03
1.397833420555241041e-03
1.580973023825385515e-03
1.705962163923158137e-03
1.314411373217447970e-03
1.389276096277512057e-03
1.239021568906852055e-03
1.463740896662579088e-03
1.372720208261270225e-03
1.364932115178376509e-03
1.530429621807188889e-03
1.419625388591361226e-03
1.479191386766675470e-03
1.483926446873791438e-03
1.416014160635140767e-03
1.581416289663666735e-03
1.384182584536586963e-03
1.378411483526499615e-03
1.382298060773324427e-03
1.583036701468983065e-03
1.336794477428696060e-03
1.475045983341929934e-03
1.468236567136620152e-03
1.467842888574381194e-03
1.341657237232448535e-03
1.524056895434212217e-03
1.324737573423013376e-03
1.245266324186231760e-03
1.302924419400851297e-03
1.231936400641765739e-03
1.509119153384395201e-03
1.479170294533961594e-03
1.415469339495135925e-03
1.435139323272879158e-03
1.364525987599975870e-03
1.280358744149220213e-03
1.376915686339449940e-03
1.312183423808191418e-03
1.340824882178293098e-03
1.446549986303901497e-03
1.297931920410159978e-03
1.576991198745675976e-03
1.543608807971202229e-03
1.392655075711832224e-03
1.428809721951699446e-03
1.382930771973087114e-03
1.507788771221613838e-03
1.215552939720306730e-03
1.404024734445022404e-03
1.577585130594857249e-03
1.356537031302031820e-03
1.286395191885187500e-03
1.229154636920692933e-03
1.341203320612164435e-03
1.139179164697828872e-03
1.401431121842700717e-03
1.371977659309568665e-03
1.384270887148684320e-03
1.247311737737091114e-03
1.368919588887216460e-03
1.425703982117512703e-03
1.556514125374022089e-03
1.378422495527463487e-03
1.266912475028601770e-03
1.280129842445860977e-03
1.469263060496567991e-03
1.237599287711839413e-03
1.272458749128346778e-03
1.425315610711054559e-03
1.412509692816369539e-03
1.451906099813958517e-03
1.525358163877645057e-03
1.245258615574489774e-03
1.339686241170520709e-03
1.371421103900108407e-03
1.518818817737729865e-03
1.226855000213574604e-03
1.346151499148250802e-03
1.468950218149248782e-03
1.472529262946997708e-03
1.385661310204611835e-03
1.225710133610134756e-03
1.359641235900738154e-03
1.346389591000685809e-03
1.206297241904866202e-03
1.264536657335064984e-03
1.245372563088108925e-03
1.235142049659902763e-03
1.313348891585852662e-03
1.291490144292688214e-03
1.260889510728065155e-03
1.452707080504808679e-03
1.420455188868664786e-03
1.326828571225190795e-03
1.373837765432817104e-03
1.398944256821386262e-03
1.503820217589629804e-03
1.434298419014087833e-03
1.293737778968549051e-03
1.032400545078328985e-03
1.379004704278156274e-03
1.376149417726364038e-03
1.249961899574391494e-03
1.301003862140298617e-03
1.596025237927498064e-03
1.334137122099964684e-03
1.315845797740050616e-03
1.528190503452063476e-03
1.291634241832394225e-03
1.463376672378367133e-03
1.283588232611574537e-03
1.146602234505807172e-03
1.398212648316691370e-03
1.237909243695840128e-03
1.381371836006166365e-03
1.327585011603505533e-03
1.107986925495112879e-03
1.362167515482355651e-03
1.178012511020225250e-03
1.190480124491025832e-03
1.318400658528576241e-03
1.378425348468416411e-03
1.282027474392929273e-03
1.312358619980531771e-03
1.238990476929258816e-03
1.438707647391433003e-03
1.435032619805067661e-03
1.311885410890160919e-03
1.115894312818371120e-03
1.433973347452422581e-03
1.229058912320935698e-03
1.054284443643728475e-03
1.301517042309147804e-03
1.234981135020511711e-03
1.391543067022552732e-03
1.141462291525299766e-03
1.279080237334574016e-03
1.353154713643219681e-03
1.254053282776099176e-03
1.232285472472158250e-03
1.125441497026574006e-03
1.142608240365078354e-03
1.326890119096261339e-03
1.305527738983684044e-03
1.157319087473497599e-03
1.166810665097588878e-03
1.252706135764173473e-03
1.269786945237771913e-03
1.239080692375899712e-03
1.347587795743412920e-03
1.237052988871934628e-03
1.363273883685220400e-03
1.185411220754217787e-03
1.103352585036371930e-03
1.269893422581436226e-03
1.245931903502001115e-03
1.169251756357833627e-03
1.312885028161014933e-03
1.085398876556991493e-03
1.149508637188850768e-03
1.135996761481128381e-03
1.027284515691846700e-03
1.040436197022147347e-03
1.164746602710105272e-03
1.271518978002757899e-03
1.049896445471744377e-03
1.167127616009833863e-03
1.217459548994773849e-03
1.128016504434677103e-03
1.163370882405430351e-03
1.004297283933815177e-03
1.169602593982937977e-03
1.225587800430947422e-03
1.163438228983230960e-03
1.079560163850558363e-03
1.166486176537299968e-03
1.236253574844071307e-03
1.239373276935292617e-03
1.096656203427175819e-03
1.184706643593404912e-03
9.630138173716586147e-04
1.068347595029633945e-03
1.282471121328666169e-03
1.091670631061941732e-03
7.103112097736206249e-03
4.357052096970213256e-03
3.367334681273093100e-03
3.165285267912276018e-03
2.770621242722672711e-03
2.452698281804228941e-03
2.301889515974632483e-03
2.318653693260074727e-03
1.972258876103610836e-03
2.026791851031484876e-03
1.861431790097560490e-03
1.837143939044529051e-03
2.066020806391861281e-03
1.785997331326710097e-03
1.782390596842504255e-03
1.599119078619926082e-03
1.784370606201329118e-03
1.721965004011061229e-03
1.626648671299749799e-03
1.762703716912075724e-03
1.480793943105161020e-03
1.477622262016805438e-03
1.504933811028005136e-03
1.735578421340720767e-03
1.847255994158528841e-03
1.638580722976366866e-03
1.707815420752621660e-03
1.731030948157893934e-03
1.514039074844639177e-03
1.619376957949687085e-03
1.687206145080923092e-03
1.452676624251622584e-03
1.411540383386599568e-03
1.601773253119415097e-03
1.714780477920223312e-03
1.895165356515293720e-03
1.648671529565763627e-03
1.452689865026252081e-03
1.753091560467393006e-03
1.518145883282046721e-03
1.599257318335212119e-03
1.697536113875360020e-03
1.634872607075323059e-03
1.445105863986932693e-03
1.599756509466917359e-03
1.727526079414610366e-03
1.584925674436639398e-03
1.668227629156644742e-03
1.461298842329230435e-03
1.498289164519737982e-03
1.612697129852600636e-03
1.594483480427132810e-03
1.667461331705259037e-03
1.473069083619812925e-03
1.525734272863409763e-03
1.632091203516403827e-03
1.608939177561261036e-03
1.500409896603983190e-03
1.431485580240091787e-03
1.584435055668617642e-03
1.655456441329732770e-03
1.496813829677239721e-03
1.480532406393005734e-03
1.569311640685043530e-03
1.610368417672519009e-03
1.368829876249689353e-03
1.457410559416043999e-03
1.442075715785730294e-03
1.451361043324647659e-03
1.383864274784672721e-03
1.336072156877785716e-03
1.459502153356280474e-03
1.408084993669140444e-03
1.427557087820899295e-03
1.658523669066266221e-03
1.526224486458477303e-03
1.490037719833078173e-03
1.384709945472087367e-03
1.538725830282750007e-03
1.472736733654490121e-03
1.664314040494496716e-03
1.522672410016037703e-03
1.417711092639543924e-03
1.369017114432505289e-03
1.541051011757593042e-03
1.310124409533423850e-03
1.246045090123236443e-03
1.312361452241964099e-03
1.391040315126247651e-03
1.301769108769511990e-03
1.414202335242427389e-03
1.418696637699747715e-03
1.492738221347069544e-03
1.422473609937288663e-03
1.255043291490315349e-03
1.502168825230874860e-03
1.469793878414202976e-03
1.555924615044793069e-03
1.440263383364170924e-03
1.204467399718724130e-03
1.298120712644790231e-03
1.268062492925426527e-03
1.380769279815431683e-03
1.156028012601950650e-03
1.531474961359788334e-03
1.351922838590889631e-03
1.396734011292425498e-03
1.392815768367899193e-03
1.333761123362881690e-03
1.240681015927277281e-03
1.378820688278513396e-03
1.351092905788546517e-03
1.227072815931547212e-03
1.360342683137592129e-03
1.453045416330314005e-03
1.252784757283610662e-03
1.432550606237519703e-03
1.365257347315910336e-03
1.445951799835344664e-03
1.314368194812003121e-03
1.379766410985569514e-03
1.281459669774033527e-03
1.252582050026963822e-03
1.344500847573131680e-03
1.305555130579956480e-03
1.356597262522369479e-03
1.248007362301697953e-03
1.103383745009796357e-03
1.461234093811904916e-03
1.177780393590753538e-03
1.208349506423050251e-03
1.432748908462358473e-03
1.285984824293026629e-03
1.323015454850459682e-03
1.435323176580505927e-03
1.175699585119975576e-03
1.252116904291375454e-03
1.333250587903109241e-03
1.174177874943161531e-03
1.172744001995268404e-03
1.206479366252684315e-03
1.316931764455187004e-03
1.215244625903319498e-03
1.274255286857834540e-03
1.192268911394699094e-03
1.211411756456226563e-03
1.295117354052032627e-03
1.181802744213138190e-03
1.338791727263970166e-03
1.371926759860194606e-03
1.132107695698679473e-03
1.181073563741214666e-03
1.320785479021240744e-03
1.293577682872415480e-03
1.157457468601616468e-03
1.387384112081800625e-03
1.171491031698428803e-03
1.404783981368465384e-03
1.130565871630601071e-03
1.482084411823264558e-03
1.161398931080345753e-03
1.340905238435854269e-03
1.218276527299885087e-03
1.224530584656699506e-03
1.325924047765728031e-03
1.138405709014266021e-03
1.187197736188222441e-03
1.192272759906708168e-03
1.181617829414952775e-03
1.172152001981584257e-03
1.100416063363123670e-03
1.210482585732239325e-03
1.224305725636774811e-03
1.127464681566048288e-03
1.248492036234637170e-03
1.197792421399550278e-03
1.201249694816195618e-03
1.109017704900152473e-03
1.119262470839540308e-03
1.283854015033503160e-03
1.228413291655801320e-03
1.183343223795353671e-03
1.074997887489284598e-03
1.054483757787022524e-03
1.027410719815997908e-03
1.163590721899039615e-03
1.353736978886174724e-03
1.135500317035634948e-03
1.265459459440176904e-03
1.189320239960413306e-03
1.167211405587790379e-03
1.147718890580212703e-03
1.128696623638208996e-03
1.172465447384883619e-03
1.188301441787550233e-03
1.213754673364184772e-03
1.098254578790879704e-03
1.359412577817759732e-03
1.109103580441136300e-03
1.119055211971555636e-03
5.515502102341533069e-03
4.264764668562650435e-03
3.809065966424184102e-03
3.206470866076786136e-03
3.007767332986480135e-03
2.787184953574672192e-03
2.422719060470666930e-03
2.283665557138506164e-03
2.229695926560585489e-03
2.249121571779113399e-03
2.495610240049267459e-03
2.367396240260097318e-03
2.068510644196931009e-03
2.254523921030926470e-03
2.108565024849167607e-03
1.951163196267664129e-03
1.893208633687543802e-03
1.729325571395847611e-03
1.933731195992487162e-03
1.710822974400030144e-03
1.807753599945071538e-03
1.760995793027096690e-03
1.615654064122423739e-03
1.670256490947142486e-03
1.713287494687069923e-03
1.636423080494234239e-03
1.834456105876219184e-03
1.731684768140590025e-03
1.553402330158472344e-03
1.650990055459027744e-03
1.607583500292827233e-03
1.607734851162705841e-03
1.659571009972118927e-03
1.513100311223355976e-03
1.476991828959228065e-03
1.448064872689565352e-03
1.510876024110804905e-03
1.478506252814128230e-03
1.399981283051181247e-03
1.440439058310944570e-03
1.359468137251285819e-03
1.241222098773846899e-03
1.367580869516136360e-03
1.160969843784484534e-03
1.369833560283577334e-03
1.393038664457533354e-03
1.350653020969701940e-03
1.372793810473560416e-03
1.281023935969027167e-03
1.210027092045130870e-03
1.399757283150608600e-03
1.352676990252522915e-03
1.270712328769258576e-03
1.327102258765828352e-03
1.409983742385115257e-03
1.348062721538763331e-03
1.339885280557440855e-03
1.263983633136754603e-03
1.293979557411090164e-03
1.193198755367514546e-03
1.272935322045750522e-03
1.411121366118754661e-03
1.280553970380914758e-03
1.217124467785348635e-03
1.171419007515051014e-03
1.176177983111467706e-03
1.335651476434863982e-03
1.285666025609082108e-03
1.353887864741561142e-03
1.366176310770406133e-03
1.388067675101821441e-03
1.251286430314583337e-03
1.257882170803879818e-03
1.364039971196460976e-03
1.182316059368453826e-03
1.379742395201305483e-03
1.463145102961589672e-03
1.187249610662632904e-03
1.276246999850322306e-03
1.340711552585291400e-03
1.261109293738873344e-03
1.378112975643035892e-03
1.404069511426821876e-03
1.351726244116877029e-03
1.143529934416701033e-03
1.396501885092760881e-03
1.317122913374456361e-03
1.364292034693005001e-03
1.215413777633747583e-03
1.147380913406950698e-03
1.090472767338993010e-03
1.332824022176888612e-03
1.240867197236282526e-03
1.275365458445858191e-03
1.237090467919664538e-03
1.366684694543384565e-03
1.167436096116185318e-03
1.303343024720161891e-03
1.274631625780453525e-03
1.250244812258143740e-03
1.308003104674212297e-03
1.215368401923565267e-03
1.474726689822687675e-03
1.291295891963313569e-03
1.349698791579603818e-03
1.216346888743360249e-03
1.250076088527490165e-03
1.044375759095342304e-03
1.149133619290660518e-03
1.280993678496867433e-03
1.136523104801494266e-03
1.159632603232211429e-03
1.252509725817266273e-03
1.346456361859656170e-03
1.193624982275563740e-03
1.296599680620576234e-03
1.241707604542178350e-03
1.175671265067415594e-03
1.191986190441189641e-03
1.256088926231507114e-03
1.322040797408861185e-03
1.477283394419950935e-03
1.268668884707314926e-03
1.188170784866927204e-03
1.224795532362897565e-03
1.352556499201074125e-03
1.188825669683514497e-03
1.337221364866927886e-03
1.381441777018807548e-03
1.206186627866773914e-03
1.298167413964334410e-03
1.361575547465757041e-03
1.147997047512141350e-03
1.208100306204478586e-03
1.148919158190247342e-03
1.177128112200876570e-03
1.212839418825713972e-03
1.059002664243142988e-03
1.388828806162655666e-03
1.189894801032608668e-03
1.296700659164203712e-03
1.288837576550367486e-03
1.288277759435161457e-03
1.215590819670493705e-03
1.322113348677499828e-03
1.430485157326806533e-03
1.372144645305942851e-03
1.250479244787390531e-03
1.190402474014595063e-03
1.350023381947004081e-03
1.326960987132006636e-03
1.279315557906782891e-03
1.317403495727346302e-03
1.078134540788536905e-03
1.263224048594527998e-03
1.286183150412612691e-03
1.290571352143436712e-03
1.254262002799481912e-03
1.303246901360889665e-03
1.271414064881893485e-03
1.241345155775785969e-03
1.260206998622500491e-03
1.273936678084262170e-03
1.215168166897800245e-03
1.287182970322337666e-03
1.140728472663481846e-03
1.357643669464603936e-03
1.305311436577971662e-03
1.167490087515182795e-03
1.427089530375728887e-03
1.237466355742622426e-03
1.177360829792861718e-03
1.253924813207085015e-03
1.461201324611170055e-03
1.274041938262665541e-03
1.346750692619195361e-03
1.223660756335835653e-03
1.272881050606383679e-03
1.217111623662461839e-03
1.393157804074351275e-03
1.221504014985094755e-03
1.231980621997624120e-03
1.058239748599462682e-03
1.209105828679297306e-03
1.251933337224182818e-03
1.183208690345990272e-03
1.268992315714645436e-03
1.179774543265340453e-03
1.453336162798874592e-03
1.249723492432072008e-03
1.433586433666336063e-03
1.204977226955169373e-03
1.211697551196766476e-03
1.106685417704873775e-03
1.065631632540760265e-03
1.336117933490203052e-03
1.222561239323311649e-03
1.277192784623248228e-03
1.428625563955555205e-03
1.216893255043646066e-03
