6.894284971949053015e-03
5.032595785638242780e-03
3.528136909426098089e-03
3.054792941710997994e-03
2.344445364775588764e-03
2.041023246038702749e-03
2.035429312981461986e-03
1.928679218101195941e-03
1.609843431381104140e-03
1.913200290127835268e-03
1.686739195693457566e-03
1.714937125971524590e-03
1.620922308800974709e-03
1.691816488905123483e-03
1.428369499700290340e-03
1.677178621006244347e-03
1.391176333168035739e-03
1.521398011316937166e-03
1.426443321804110598e-03
1.446557467133898628e-03
1.338520797688987074e-03
1.230934511235185630e-03
1.288035819643477964e-03
1.183692068671887698e-03
1.294081055961033427e-03
1.311604910692421716e-03
1.229464053366529502e-03
1.158975492164614207e-03
1.391373014957349163e-03
1.274621216009373670e-03
1.158975797358074988e-03
1.340552910384845697e-03
1.402784363983944349e-03
1.335882186762130108e-03
1.307957034698305210e-03
1.233644757995911584e-03
1.034916424707363336e-03
1.261504702022919061e-03
1.172500247351132563e-03
1.286571203949371522e-03
1.124350693351011676e-03
1.287605037843076589e-03
1.348145471222802344e-03
1.303032180576663840e-03
1.213634665126587381e-03
1.307781775488934400e-03
1.005782135727301130e-03
1.130134920182938180e-03
1.220191191627105487e-03
1.114388449247136897e-03
1.138307476269171531e-03
1.055372450950255170e-03
1.002436277235254497e-03
1.175251790652399875e-03
1.110797585172077634e-03
1.097132663926855128e-03
1.117354966196262844e-03
1.008955846612809987e-03
1.086560407080557067e-03
1.090343018431312594e-03
1.161172606256918177e-03
1.193683005011925841e-03
8.462074742875171085e-04
1.187785261164669981e-03
1.273364365921549057e-03
1.104409961492438391e-03
1.276437311024045118e-03
1.284575469840780471e-03
1.261278340794674824e-03
9.092466853538004601e-04
1.166224122752950593e-03
1.220407228687117596e-03
9.973210890939637752e-04
1.144136580709387285e-03
1.162949029010457158e-03
9.934433464283409787e-04
1.039507833749554050e-03
1.187746828349128814e-03
1.046704785560063911e-03
1.051020386582821042e-03
1.025997579313805974e-03
1.181370622539465454e-03
1.074760545364129849e-03
1.097616795413598745e-03
1.101371393710661589e-03
1.158150985607151601e-03
1.010709050862965142e-03
1.129856115885712747e-03
9.793626971612151566e-04
1.022141974319632635e-03
9.456154934821964231e-04
9.785992552250703802e-04
1.019092284837690848e-03
9.610507434192963605e-04
1.127202019999232196e-03
1.006287829074466872e-03
1.176532681847326095e-03
1.075386502733761962e-03
1.151178924038084861e-03
1.029579172565870532e-03
1.192612515788789296e-03
1.046661732131255740e-03
8.962892017515024234e-04
9.722671410120758972e-04
1.110166213084788633e-03
1.042274362195255710e-03
9.363018656873937917e-04
9.893126321409463630e-04
8.921833897861906892e-04
9.727940903155977981e-04
1.084943005286276296e-03
1.029710379831134948e-03
1.023568405694046807e-03
1.039727679736004301e-03
1.071303615657707986e-03
9.132484604864737898e-04
9.273357058765391292e-04
1.078373741416109588e-03
1.069983989178235895e-03
1.272735042085679225e-03
9.761346447906688040e-04
1.007218523501537955e-03
1.174922608005543601e-03
1.082341251227837697e-03
1.174454943152859754e-03
1.016584695541587063e-03
1.029457432282044477e-03
1.007531736078707413e-03
9.828053833664668337e-04
1.082994809898967653e-03
1.055123254368944136e-03
1.112942092781156467e-03
1.089769288522616369e-03
9.358841322114584693e-04
1.084224728606697497e-03
9.822960374374842263e-04
1.052377708120250110e-03
9.623173371582915969e-04
1.212747830568870755e-03
8.837035716564786703e-04
1.150108240967905732e-03
9.175652820122073838e-04
9.587916749378387615e-04
9.176285352645655036e-04
1.075305582370289503e-03
1.049098478075962543e-03
1.085863369292238562e-03
9.381403681557112795e-04
1.108272356176283335e-03
1.118106436343798554e-03
1.160439801562187373e-03
9.913340147595338381e-04
8.880586724688208089e-04
8.822369970392478222e-04
9.720810597349804905e-04
9.961826063712708734e-04
1.059495689333962015e-03
1.083504997172832912e-03
1.047731281191094377e-03
1.162613654260291618e-03
1.164078590233812160e-03
9.252150413356780012e-04
1.106682957441314924e-03
1.006792005466425333e-03
8.810722324263595140e-04
1.008615540207910555e-03
9.926721989281031555e-04
1.053323499317880552e-03
1.075289265327794563e-03
9.098600445712132223e-04
1.069052004194590011e-03
9.112304853253309911e-04
1.049326156022260814e-03
9.723985383391607618e-04
1.050471804071032716e-03
1.001965018890924042e-03
1.164486501786184819e-03
8.486538625960098059e-04
9.956649126903471814e-04
1.156495593045470810e-03
1.005008490352923139e-03
9.418231789505501772e-04
1.101507090617882823e-03
9.832777515912209665e-04
1.021633875808006936e-03
1.172209531021289886e-03
1.139415112488804255e-03
1.065325862670822576e-03
9.616505122531093797e-04
1.142490185374378520e-03
1.079086317909080939e-03
1.008762390877607912e-03
1.131489844971633740e-03
9.684311648957277807e-04
1.115891559468347449e-03
1.035231556139010883e-03
1.051796736036284680e-03
9.902007587305750036e-04
1.007611948280816988e-03
9.327672895912166029e-04
8.332450018193805763e-03
5.145276158779701903e-03
3.731570096013242521e-03
3.553723091155824160e-03
3.231058063375577549e-03
2.903530498826908252e-03
2.753903146879815855e-03
2.434706171357804705e-03
2.394514519303010680e-03
2.081968941079304775e-03
2.098170729158764514e-03
1.916734649674338431e-03
1.820718881884043905e-03
2.200560831204474016e-03
1.740014614104491014e-03
1.888289456883577438e-03
1.617945137791090143e-03
1.834518475426979295e-03
1.736623583662774001e-03
1.661417887034347118e-03
1.493172972809281990e-03
1.638769282956867995e-03
1.703694791639846079e-03
1.567061391483180743e-03
1.683454877908732716e-03
1.562925919498033001e-03
1.594125715365636575e-03
1.494886345101347630e-03
1.633097981207642935e-03
1.648694197670757394e-03
1.583761444996441975e-03
1.391521695165126582e-03
1.613407374511433012e-03
1.552692931977222440e-03
1.662228968888727898e-03
1.504745238059840978e-03
1.483952327595058907e-03
1.411691827267136379e-03
1.556157006368685813e-03
1.405788783248117235e-03
1.433969088568805283e-03
1.709030163374258837e-03
1.543338952698390665e-03
1.422350993202422392e-03
1.587340564361633399e-03
1.578454542006259287e-03
1.540092897542328504e-03
1.499985859842133812e-03
1.460841143195293346e-03
1.408750222424166171e-03
1.359631519233881619e-03
1.497617961025644179e-03
1.504157715065880530e-03
1.385266419587357495e-03
1.453047918883777073e-03
1.488319740022194665e-03
1.529998847626376501e-03
1.417898944905463671e-03
1.536301221378676141e-03
1.414511054076979246e-03
1.601222237074664823e-03
1.362603223521823004e-03
1.458430597306513421e-03
1.460738690188364414e-03
1.455728501430296473e-03
1.563623200116669859e-03
1.567691857459051208e-03
1.374707788132683434e-03
1.434004029624829507e-03
1.486136343430453227e-03
1.439231362428631394e-03
1.354106085707091484e-03
1.479902839628292194e-03
1.534437947227042937e-03
1.442319035559785217e-03
1.369274856326499479e-03
1.460383652450152059e-03
1.624771420997157823e-03
1.268374156898906258e-03
1.603882299757164454e-03
1.583175052460753657e-03
1.377880328237789109e-03
1.414187439836921134e-03
1.537329755494424438e-03
1.352764059176891909e-03
1.452079461977243136e-03
1.589844630499263889e-03
1.382329011666929425e-03
1.748236015477550032e-03
1.520435936824604539e-03
1.427267423247384481e-03
1.482095920601313177e-03
1.480845247365566997e-03
1.341790425798117942e-03
1.346205833669240903e-03
1.272225313711745909e-03
1.352292116429579250e-03
1.235570378984134077e-03
1.440269346303528486e-03
1.487486284386645846e-03
1.414299375039732715e-03
1.448655232808109677e-03
1.425408183011706020e-03
1.325573150081527096e-03
1.493607704847674245e-03
1.302929743915222371e-03
1.217489629843887533e-03
1.140887360425699854e-03
1.384328780022758831e-03
1.365904236022084939e-03
1.220039127951561692e-03
1.315900416836303377e-03
1.209532787178810992e-03
1.361730077946359668e-03
1.313775443222673506e-03
1.369842332703020971e-03
1.081464665469700909e-03
1.104184104100940783e-03
1.118150006176408390e-03
1.081297077616907854e-03
1.379717011494412116e-03
1.259572178827370048e-03
1.150343968336613870e-03
1.203610336020916743e-03
1.160853639273748406e-03
1.225014989731331577e-03
1.158248484311310417e-03
1.260576637155185614e-03
1.053071112288729572e-03
1.231216053737618776e-03
1.318656777835991445e-03
1.165180151329114205e-03
1.178656192791945750e-03
1.340411946477243488e-03
1.275167851643242700e-03
1.109685963384104274e-03
1.258421595540716587e-03
1.107178828915561519e-03
1.235958752423538948e-03
1.250605006730718533e-03
1.436083906749867356e-03
1.170485358518713603e-03
1.353035236317794154e-03
1.305501096385705551e-03
1.164551917728150199e-03
1.350744680692635147e-03
1.314841507442762042e-03
1.320734909514446886e-03
1.222903017203794823e-03
1.133772915009621796e-03
9.885509991374961947e-04
1.280279199292948950e-03
1.280421769192085363e-03
1.298834683147832153e-03
1.096893238054941905e-03
1.122394197742265787e-03
1.071530765291567322e-03
1.186082586215268797e-03
1.225560689244720863e-03
1.097612218271541012e-03
1.131666256655866620e-03
1.126132519984179153e-03
1.060986688334028538e-03
1.143381044475401398e-03
1.141119795937652059e-03
1.262742234815664166e-03
1.137864225776719085e-03
1.202217544912152075e-03
1.182541713704743369e-03
1.168385380642098653e-03
1.167247552951406614e-03
1.040667153387235533e-03
1.109037596568777234e-03
1.048381862334177295e-03
1.061342849176229175e-03
1.058680078267214969e-03
1.229633838024043330e-03
1.214495947925532671e-03
1.189998251760995135e-03
1.139087759050576298e-03
1.078304775538923427e-03
1.129891527548436414e-03
1.083881415055432812e-03
1.191948093511654982e-03
1.192558243545582819e-03
1.178016968136613024e-03
1.029859599248259677e-03
1.226485055688970177e-03
1.103909059898846440e-03
1.153160799574885764e-03
1.018411224047853503e-03
1.143509869957790720e-03
1.282571049337318664e-03
9.802021975244198937e-04
1.158593803720117665e-03
1.247581356909981815e-03
1.030684213115660997e-03
1.074184785936821429e-03
1.185475110757092804e-03
1.209180507409247235e-03
1.065083595934680771e-02
6.483327052213792852e-03
5.149445031280168450e-03
3.533980780371169528e-03
3.285365401452258749e-03
2.564547565604709256e-03
2.173214936968623917e-03
2.086178083367380004e-03
1.912937092839312597e-03
1.891742736105948841e-03
1.686714027495154339e-03
1.710777723984036047e-03
1.701731311147890169e-03
1.399278841908255244e-03
1.533951101400626155e-03
1.488511355827056709e-03
1.469465514055395133e-03
1.397833420555241041e-03
1.580973023825385515e-03
1.705962163923158137e-03
1.314411373217447970e-03
1.389276096277512057e-03
1.239021568906852055e-03
1.463740896662579088e-03
1.372720208261270225e-03
1.364932115178376509e-03
1.530429621807188889e-03
1.419625388591361226e-03
1.479191386766675470e-03
1.483926446873791438e-03
1.416014160635140767e-03
1.581416289663666735e-03
1.384182584536586963e-03
1.378411483526499615e-03
1.382298060773324427e-03
1.583036701468983065e-03
1.336794477428696060e-03
1.475045983341929934e-03
1.468236567136620152e-03
1.467842888574381194e-03
1.341657237232448535e-03
1.524056895434212217e-03
1.324737573423013376e-03
1.245266324186231760e-03
1.302924419400851297e-03
1.231936400641765739e-03
1.509119153384395201e-03
1.479170294533961594e-03
1.415469339495135925e-03
1.435139323272879158e-03
1.364525987599975870e-03
1.280358744149220213e-03
1.376915686339449940e-03
1.312183423808191418e-03
1.340824882178293098e-03
1.446549986303901497e-03
1.297931920410159978e-03
1.576991198745675976e-03
1.543608807971202229e-03
1.392655075711832224e-03
1.428809721951699446e-03
1.382930771973087114e-03
1.507788771221613838e-03
1.215552939720306730e-03
1.404024734445022404e-03
1.577585130594857249e-03
1.356537031302031820e-03
1.286395191885187500e-03
1.229154636920692933e-03
1.341203320612164435e-03
1.139179164697828872e-03
1.401431121842700717e-03
1.371977659309568665e-03
1.384270887148684320e-03
1.247311737737091114e-03
1.368919588887216460e-03
1.425703982117512703e-03
1.556514125374022089e-03
1.378422495527463487e-03
1.266912475028601770e-03
1.280129842445860977e-03
1.469263060496567991e-03
1.237599287711839413e-03
1.272458749128346778e-03
1.425315610711054559e-03
1.412509692816369539e-03
1.451906099813958517e-03
1.525358163877645057e-03
1.245258615574489774e-03
1.339686241170520709e-03
1.371421103900108407e-03
1.518818817737729865e-03
1.226855000213574604e-03
1.346151499148250802e-03
1.468950218149248782e-03
1.472529262946997708e-03
1.385661310204611835e-03
1.225710133610134756e-03
1.359641235900738154e-03
1.346389591000685809e-03
1.206297241904866202e-03
1.264536657335064984e-03
1.245372563088108925e-03
1.235142049659902763e-03
1.313348891585852662e-03
1.291490144292688214e-03
1.260889510728065155e-03
1.452707080504808679e-03
1.420455188868664786e-03
1.326828571225190795e-03
1.373837765432817104e-03
1.398944256821386262e-03
1.503820217589629804e-03
1.434298419014087833e-03
1.293737778968549051e-03
1.032400545078328985e-03
1.379004704278156274e-03
1.376149417726364038e-03
1.249961899574391494e-03
1.301003862140298617e-03
1.596025237927498064e-03
1.334137122099964684e-03
1.315845797740050616e-03
1.528190503452063476e-03
1.291634241832394225e-03
1.463376672378367133e-03
1.283588232611574537e-03
1.146602234505807172e-03
1.398212648316691370e-03
1.237909243695840128e-03
1.381371836006166365e-03
1.327585011603505533e-03
1.107986925495112879e-03
1.362167515482355651e-03
1.178012511020225250e-03
1.190480124491025832e-03
1.318400658528576241e-03
1.378425348468416411e-03
1.282027474392929273e-03
1.312358619980531771e-03
1.238990476929258816e-03
1.438707647391433003e-03
1.435032619805067661e-03
1.311885410890160919e-03
1.115894312818371120e-03
1.433973347452422581e-03
1.229058912320935698e-03
1.054284443643728475e-03
1.301517042309147804e-03
1.234981135020511711e-03
1.391543067022552732e-03
1.141462291525299766e-03
1.279080237334574016e-03
1.353154713643219681e-03
1.254053282776099176e-03
1.232285472472158250e-03
1.125441497026574006e-03
1.142608240365078354e-03
1.326890119096261339e-03
1.305527738983684044e-03
1.157319087473497599e-03
1.166810665097588878e-03
1.252706135764173473e-03
1.269786945237771913e-03
1.239080692375899712e-03
1.347587795743412920e-03
1.237052988871934628e-03
1.363273883685220400e-03
1.185411220754217787e-03
1.103352585036371930e-03
1.269893422581436226e-03
1.245931903502001115e-03
1.169251756357833627e-03
1.312885028161014933e-03
1.085398876556991493e-03
1.149508637188850768e-03
1.135996761481128381e-03
1.027284515691846700e-03
1.040436197022147347e-03
1.164746602710105272e-03
1.271518978002757899e-03
1.049896445471744377e-03
1.167127616009833863e-03
1.217459548994773849e-03
1.128016504434677103e-03
1.163370882405430351e-03
1.004297283933815177e-03
1.169602593982937977e-03
1.225587800430947422e-03
1.163438228983230960e-03
1.079560163850558363e-03
1.166486176537299968e-03
1.236253574844071307e-03
1.239373276935292617e-03
1.096656203427175819e-03
1.184706643593404912e-03
9.630138173716586147e-04
1.068347595029633945e-03
1.282471121328666169e-03
1.091670631061941732e-03
7.103112097736206249e-03
4.357052096970213256e-03
3.367334681273093100e-03
3.165285267912276018e-03
2.770621242722672711e-03
2.452698281804228941e-03
2.301889515974632483e-03
2.318653693260074727e-03
1.972258876103610836e-03
2.026791851031484876e-03
1.861431790097560490e-03
1.837143939044529051e-03
2.066020806391861281e-03
1.785997331326710097e-03
1.782390596842504255e-03
1.599119078619926082e-03
1.784370606201329118e-03
1.721965004011061229e-03
1.626648671299749799e-03
1.762703716912075724e-03
1.480793943105161020e-03
1.477622262016805438e-03
1.504933811028005136e-03
1.735578421340720767e-03
1.847255994158528841e-03
1.638580722976366866e-03
1.707815420752621660e-03
1.731030948157893934e-03
1.514039074844639177e-03
1.619376957949687085e-03
1.687206145080923092e-03
1.452676624251622584e-03
1.411540383386599568e-03
1.601773253119415097e-03
1.714780477920223312e-03
1.895165356515293720e-03
1.648671529565763627e-03
1.452689865026252081e-03
1.753091560467393006e-03
1.518145883282046721e-03
1.599257318335212119e-03
1.697536113875360020e-03
1.634872607075323059e-03
1.445105863986932693e-03
1.599756509466917359e-03
1.727526079414610366e-03
1.584925674436639398e-03
1.668227629156644742e-03
1.461298842329230435e-03
1.498289164519737982e-03
1.612697129852600636e-03
1.594483480427132810e-03
1.667461331705259037e-03
1.473069083619812925e-03
1.525734272863409763e-03
1.632091203516403827e-03
1.608939177561261036e-03
1.500409896603983190e-03
1.431485580240091787e-03
1.584435055668617642e-03
1.655456441329732770e-03
1.496813829677239721e-03
1.480532406393005734e-03
1.569311640685043530e-03
1.610368417672519009e-03
1.368829876249689353e-03
1.457410559416043999e-03
1.442075715785730294e-03
1.451361043324647659e-03
1.383864274784672721e-03
1.336072156877785716e-03
1.459502153356280474e-03
1.408084993669140444e-03
1.427557087820899295e-03
1.658523669066266221e-03
1.526224486458477303e-03
1.490037719833078173e-03
1.384709945472087367e-03
1.538725830282750007e-03
1.472736733654490121e-03
1.664314040494496716e-03
1.522672410016037703e-03
1.417711092639543924e-03
1.369017114432505289e-03
1.541051011757593042e-03
1.310124409533423850e-03
1.246045090123236443e-03
1.312361452241964099e-03
1.391040315126247651e-03
1.301769108769511990e-03
1.414202335242427389e-03
1.418696637699747715e-03
1.492738221347069544e-03
1.422473609937288663e-03
1.255043291490315349e-03
1.502168825230874860e-03
1.469793878414202976e-03
1.555924615044793069e-03
1.440263383364170924e-03
1.204467399718724130e-03
1.298120712644790231e-03
1.268062492925426527e-03
1.380769279815431683e-03
1.156028012601950650e-03
1.531474961359788334e-03
1.351922838590889631e-03
1.396734011292425498e-03
1.392815768367899193e-03
1.333761123362881690e-03
1.240681015927277281e-03
1.378820688278513396e-03
1.351092905788546517e-03
1.227072815931547212e-03
1.360342683137592129e-03
1.453045416330314005e-03
1.252784757283610662e-03
1.432550606237519703e-03
1.365257347315910336e-03
1.445951799835344664e-03
1.314368194812003121e-03
1.379766410985569514e-03
1.281459669774033527e-03
1.252582050026963822e-03
1.344500847573131680e-03
1.305555130579956480e-03
1.356597262522369479e-03
1.248007362301697953e-03
1.103383745009796357e-03
1.461234093811904916e-03
1.177780393590753538e-03
1.208349506423050251e-03
1.432748908462358473e-03
1.285984824293026629e-03
1.323015454850459682e-03
1.435323176580505927e-03
1.175699585119975576e-03
1.252116904291375454e-03
1.333250587903109241e-03
1.174177874943161531e-03
1.172744001995268404e-03
1.206479366252684315e-03
1.316931764455187004e-03
1.215244625903319498e-03
1.274255286857834540e-03
1.192268911394699094e-03
1.211411756456226563e-03
1.295117354052032627e-03
1.181802744213138190e-03
1.338791727263970166e-03
1.371926759860194606e-03
1.132107695698679473e-03
1.181073563741214666e-03
1.320785479021240744e-03
1.293577682872415480e-03
1.157457468601616468e-03
1.387384112081800625e-03
1.171491031698428803e-03
1.404783981368465384e-03
1.130565871630601071e-03
1.482084411823264558e-03
1.161398931080345753e-03
1.340905238435854269e-03
1.218276527299885087e-03
1.224530584656699506e-03
1.325924047765728031e-03
1.138405709014266021e-03
1.187197736188222441e-03
1.192272759906708168e-03
1.181617829414952775e-03
1.172152001981584257e-03
1.100416063363123670e-03
1.210482585732239325e-03
1.224305725636774811e-03
1.127464681566048288e-03
1.248492036234637170e-03
1.197792421399550278e-03
1.201249694816195618e-03
1.109017704900152473e-03
1.119262470839540308e-03
1.283854015033503160e-03
1.228413291655801320e-03
1.183343223795353671e-03
1.074997887489284598e-03
1.054483757787022524e-03
1.027410719815997908e-03
1.163590721899039615e-03
1.353736978886174724e-03
1.135500317035634948e-03
1.265459459440176904e-03
1.189320239960413306e-03
1.167211405587790379e-03
1.147718890580212703e-03
1.128696623638208996e-03
1.172465447384883619e-03
1.188301441787550233e-03
1.213754673364184772e-03
1.098254578790879704e-03
1.359412577817759732e-03
1.109103580441136300e-03
1.119055211971555636e-03
5.515502102341533069e-03
4.264764668562650435e-03
3.809065966424184102e-03
3.206470866076786136e-03
3.007767332986480135e-03
2.787184953574672192e-03
2.422719060470666930e-03
2.283665557138506164e-03
2.229695926560585489e-03
2.249121571779113399e-03
2.495610240049267459e-03
2.367396240260097318e-03
2.068510644196931009e-03
2.254523921030926470e-03
2.108565024849167607e-03
1.951163196267664129e-03
1.893208633687543802e-03
1.729325571395847611e-03
1.933731195992487162e-03
1.710822974400030144e-03
1.807753599945071538e-03
1.760995793027096690e-03
1.615654064122423739e-03
1.670256490947142486e-03
1.713287494687069923e-03
1.636423080494234239e-03
1.834456105876219184e-03
1.731684768140590025e-03
1.553402330158472344e-03
1.650990055459027744e-03
1.607583500292827233e-03
1.607734851162705841e-03
1.659571009972118927e-03
1.513100311223355976e-03
1.476991828959228065e-03
1.448064872689565352e-03
1.510876024110804905e-03
1.478506252814128230e-03
1.399981283051181247e-03
1.440439058310944570e-03
1.359468137251285819e-03
1.241222098773846899e-03
1.367580869516136360e-03
1.160969843784484534e-03
1.369833560283577334e-03
1.393038664457533354e-03
1.350653020969701940e-03
1.372793810473560416e-03
1.281023935969027167e-03
1.210027092045130870e-03
1.399757283150608600e-03
1.352676990252522915e-03
1.270712328769258576e-03
1.327102258765828352e-03
1.409983742385115257e-03
1.348062721538763331e-03
1.339885280557440855e-03
1.263983633136754603e-03
1.293979557411090164e-03
1.193198755367514546e-03
1.272935322045750522e-03
1.411121366118754661e-03
1.280553970380914758e-03
1.217124467785348635e-03
1.171419007515051014e-03
1.176177983111467706e-03
1.335651476434863982e-03
1.285666025609082108e-03
1.353887864741561142e-03
1.366176310770406133e-03
1.388067675101821441e-03
1.251286430314583337e-03
1.257882170803879818e-03
1.364039971196460976e-03
1.182316059368453826e-03
1.379742395201305483e-03
1.463145102961589672e-03
1.187249610662632904e-03
1.276246999850322306e-03
1.340711552585291400e-03
1.261109293738873344e-03
1.378112975643035892e-03
1.404069511426821876e-03
1.351726244116877029e-03
1.143529934416701033e-03
1.396501885092760881e-03
1.317122913374456361e-03
1.364292034693005001e-03
1.215413777633747583e-03
1.147380913406950698e-03
1.090472767338993010e-03
1.332824022176888612e-03
1.240867197236282526e-03
1.275365458445858191e-03
1.237090467919664538e-03
1.366684694543384565e-03
1.167436096116185318e-03
1.303343024720161891e-03
1.274631625780453525e-03
1.250244812258143740e-03
1.308003104674212297e-03
1.215368401923565267e-03
1.474726689822687675e-03
1.291295891963313569e-03
1.349698791579603818e-03
1.216346888743360249e-03
1.250076088527490165e-03
1.044375759095342304e-03
1.149133619290660518e-03
1.280993678496867433e-03
1.136523104801494266e-03
1.159632603232211429e-03
1.252509725817266273e-03
1.346456361859656170e-03
1.193624982275563740e-03
1.296599680620576234e-03
1.241707604542178350e-03
1.175671265067415594e-03
1.191986190441189641e-03
1.256088926231507114e-03
1.322040797408861185e-03
1.477283394419950935e-03
1.268668884707314926e-03
1.188170784866927204e-03
1.224795532362897565e-03
1.352556499201074125e-03
1.188825669683514497e-03
1.337221364866927886e-03
1.381441777018807548e-03
1.206186627866773914e-03
1.298167413964334410e-03
1.361575547465757041e-03
1.147997047512141350e-03
1.208100306204478586e-03
1.148919158190247342e-03
1.177128112200876570e-03
1.212839418825713972e-03
1.059002664243142988e-03
1.388828806162655666e-03
1.189894801032608668e-03
1.296700659164203712e-03
1.288837576550367486e-03
1.288277759435161457e-03
1.215590819670493705e-03
1.322113348677499828e-03
1.430485157326806533e-03
1.372144645305942851e-03
1.250479244787390531e-03
1.190402474014595063e-03
1.350023381947004081e-03
1.326960987132006636e-03
1.279315557906782891e-03
1.317403495727346302e-03
1.078134540788536905e-03
1.263224048594527998e-03
1.286183150412612691e-03
1.290571352143436712e-03
1.254262002799481912e-03
1.303246901360889665e-03
1.271414064881893485e-03
1.241345155775785969e-03
1.260206998622500491e-03
1.273936678084262170e-03
1.215168166897800245e-03
1.287182970322337666e-03
1.140728472663481846e-03
1.357643669464603936e-03
1.305311436577971662e-03
1.167490087515182795e-03
1.427089530375728887e-03
1.237466355742622426e-03
1.177360829792861718e-03
1.253924813207085015e-03
1.461201324611170055e-03
1.274041938262665541e-03
1.346750692619195361e-03
1.223660756335835653e-03
1.272881050606383679e-03
1.217111623662461839e-03
1.393157804074351275e-03
1.221504014985094755e-03
1.231980621997624120e-03
1.058239748599462682e-03
1.209105828679297306e-03
1.251933337224182818e-03
1.183208690345990272e-03
1.268992315714645436e-03
1.179774543265340453e-03
1.453336162798874592e-03
1.249723492432072008e-03
1.433586433666336063e-03
1.204977226955169373e-03
1.211697551196766476e-03
1.106685417704873775e-03
1.065631632540760265e-03
1.336117933490203052e-03
1.222561239323311649e-03
1.277192784623248228e-03
1.428625563955555205e-03
1.216893255043646066e-03
7.563974823198225950e-03
4.819502879726281219e-03
4.250258796981411236e-03
3.694631464782893032e-03
3.577822381581063221e-03
3.375995653006277214e-03
2.756734344484042254e-03
2.619747488435287402e-03
2.737802111963401341e-03
2.462922166307602440e-03
2.479992179223969306e-03
2.130859604248577094e-03
2.325149399646123799e-03
2.100024375493374923e-03
2.050459880959056708e-03
2.113897651756152518e-03
2.001175485223664202e-03
1.972148582264302702e-03
2.129642290757637751e-03
1.786395091363576076e-03
1.939034163288017726e-03
1.930761279069173608e-03
2.085286733820065908e-03
2.062536975407897044e-03
1.814498925762440124e-03
1.653198221020158593e-03
1.591933519771524669e-03
1.832038815823340550e-03
1.666384602724998304e-03
1.906528512083435767e-03
1.551213338241010792e-03
1.252843177963886695e-03
1.318222168875712863e-03
1.402185622881347432e-03
1.494070705669234972e-03
1.492813622486779956e-03
1.605870117039099459e-03
1.342190208278741526e-03
1.556900299797450704e-03
1.307819617043282784e-03
1.493524147205875507e-03
1.381391602471172819e-03
1.370334047114288994e-03
1.354102157793281302e-03
1.312346192767172709e-03
1.453189125567761614e-03
1.279557446173612556e-03
1.298053698197614708e-03
1.234392905827330633e-03
1.361100672524716976e-03
1.290148855914462211e-03
1.383501688026752413e-03
1.081585739136064345e-03
1.203035090265012347e-03
1.284842152852003205e-03
1.134855820946186616e-03
1.121823218960146112e-03
1.221667815565499748e-03
1.327557128994273639e-03
1.274918632757630899e-03
1.180889384055840152e-03
1.217057081012475062e-03
1.154773515387751137e-03
1.130758692166163731e-03
1.168009581747838505e-03
1.095134123208264115e-03
1.073282988009731376e-03
1.155942155554590123e-03
1.186678596826015730e-03
1.116788114942611487e-03
1.241685928108492154e-03
1.226729350332328439e-03
1.132634193984204118e-03
1.050097963042177091e-03
1.125935760162618399e-03
1.206926408838942394e-03
1.168778594337571003e-03
1.100922291896455629e-03
1.257187224980450824e-03
9.114243452510717436e-04
1.182438258958737332e-03
1.064016516969461257e-03
1.119916530274912836e-03
1.185908147617181774e-03
1.232644655888182061e-03
1.115491168898200686e-03
1.221280734297031101e-03
1.120473919055502143e-03
1.051838593040220482e-03
1.226894618103411411e-03
1.127960682989252728e-03
1.090226629865100744e-03
9.660973882616025188e-04
1.026406634179469896e-03
1.180025920550071411e-03
1.013429697524600298e-03
1.026866145835924476e-03
1.027478574824925578e-03
1.111742384350040275e-03
1.136978882852038297e-03
1.107312113933004577e-03
1.072763863096303644e-03
9.473269397934809544e-04
1.084890006852683164e-03
9.964355338915216465e-04
9.354077047307451931e-04
1.138407300977382908e-03
1.026207612127467972e-03
1.024507784460761128e-03
1.091704116498570104e-03
1.010572212638071593e-03
1.056064106118033419e-03
1.002100017553700373e-03
9.668301293088016335e-04
9.955200066724990970e-04
9.607475021807115878e-04
8.448152709039924435e-04
9.715509588067300362e-04
9.537096163399864934e-04
9.022101389814865535e-04
9.605480815006589568e-04
9.831987337425365792e-04
1.036198843326618935e-03
8.634429250962902258e-04
9.545785550629307115e-04
1.071090936783220676e-03
9.453226254658962657e-04
9.184838268849401799e-04
8.943869102956969463e-04
9.249873399469268898e-04
1.063362432902021509e-03
9.844020773732038709e-04
9.087292272074651289e-04
1.097141001150801071e-03
1.031044010333763417e-03
9.630388128736393216e-04
9.318820078509024163e-04
1.019847303601724431e-03
9.895545771900562948e-04
8.374233089941708619e-04
1.009241140717289514e-03
9.460502763995459752e-04
1.050572172411150945e-03
9.815735025437248573e-04
8.814192180522893716e-04
9.311999238998044937e-04
9.503225499433200218e-04
1.066771865233615002e-03
9.827404872868733543e-04
1.068299882741204770e-03
9.371114823097416446e-04
8.899970206022941865e-04
1.064439133345407990e-03
9.636771997814583268e-04
8.908546857292545806e-04
8.999433208481087687e-04
1.043761564677569281e-03
1.004764385098215473e-03
9.248724222369261727e-04
8.458863794959976812e-04
9.246150876887383740e-04
9.864674160197199615e-04
1.018435751193973171e-03
1.016053438470058273e-03
1.094485232092722721e-03
9.470893187308489225e-04
8.621382837519578346e-04
1.127206623536221308e-03
1.022386922423134531e-03
9.559494432194309832e-04
1.028423894417831996e-03
8.797736580744529300e-04
1.025686939761835670e-03
9.684076847805873911e-04
9.711405011310764168e-04
9.853775494369637622e-04
9.677356462649867874e-04
9.030503246201526668e-04
9.642941922408734823e-04
9.310177514705204882e-04
8.449240850068873154e-04
1.010868643050603921e-03
9.516707428727094742e-04
9.203704944271348665e-04
8.586196945706281447e-04
9.743330553515817949e-04
8.684430459090577981e-04
8.409299956845112112e-04
8.469033747996006223e-04
9.373618522617935267e-04
9.036473244523508808e-04
1.017154734601764116e-03
9.240292974961525352e-04
9.235317269153664466e-04
1.016214604264393390e-03
1.022751618429875581e-03
8.461008975784931052e-04
9.424549522252384515e-04
8.083311622131099383e-04
8.819987234744940119e-04
1.058225365445801536e-02
6.405615711145149632e-03
4.842127670375985515e-03
4.147890102465658785e-03
3.887656455217197021e-03
3.586122472154937291e-03
3.601038640849627687e-03
3.093450224694989370e-03
3.017531300775352920e-03
2.770116590954982416e-03
2.749788938780847736e-03
2.475468180479670904e-03
2.452435296042387858e-03
2.461309703636522378e-03
2.501506536576183354e-03
2.065475384109845269e-03
2.007896345034083235e-03
1.967150810252577681e-03
2.046867631674359478e-03
1.858375444392563330e-03
1.903318367948349937e-03
1.865833562183102923e-03
1.710875494358030796e-03
1.832606968077070408e-03
1.575458422887809906e-03
1.829822390755127953e-03
1.591304232488356674e-03
1.522751083970121794e-03
1.611832112835463737e-03
1.620796315419458650e-03
1.416872482934105476e-03
1.618461837256286728e-03
1.613328024414214384e-03
1.599406775118668300e-03
1.475808918266020842e-03
1.502275858551258697e-03
1.371296844394569170e-03
1.635742562709451009e-03
1.340985018058113432e-03
1.508198764348295251e-03
1.246196390925356084e-03
1.407430639139388429e-03
1.500213734931393761e-03
1.331364911711697269e-03
1.213433519701156982e-03
1.339510486591592026e-03
1.266587853574752121e-03
1.250566374110657214e-03
1.220278690354920786e-03
1.265826895494918947e-03
1.279243403336252638e-03
1.316327778303399976e-03
1.198868392145828465e-03
1.202082173949448746e-03
1.231643369974912833e-03
1.125930615109054650e-03
1.166644271407325101e-03
1.116869804849447007e-03
9.863104284125109866e-04
1.120833487115224791e-03
1.076223254315153421e-03
1.105498203626938125e-03
9.838367776507615792e-04
1.102896094223090179e-03
1.117255566244972076e-03
1.015021445622241864e-03
1.118422428436398330e-03
1.117884062555623420e-03
9.609977183779906673e-04
1.124822749310947639e-03
9.921858562718446906e-04
9.364588695596302859e-04
1.037269035518748050e-03
9.063368635203773727e-04
1.080037135148283894e-03
8.980269173682886574e-04
9.506943560167770146e-04
1.177472814112311139e-03
8.984480297867455945e-04
8.340528157431519041e-04
8.166932174075609840e-04
8.293832557988642384e-04
9.851729611400281139e-04
9.235503439176326324e-04
7.713155891861320224e-04
8.959737693697115979e-04
7.994860097849942893e-04
8.466845624935104286e-04
7.643464705545943705e-04
9.557317607590265496e-04
7.918009566894208817e-04
8.708225943802362645e-04
9.082116769905876352e-04
8.655007368473868756e-04
7.805046741662449716e-04
6.835681526253592488e-04
7.861829840611449238e-04
8.561071911922686628e-04
8.632116876552617390e-04
7.207361848494096834e-04
7.645289530455040561e-04
8.271923808887936269e-04
7.743048241921623998e-04
9.209501665189100128e-04
8.712565170581228202e-04
8.386666554866979706e-04
8.022195563948016084e-04
6.831837433716111962e-04
9.046198717841021086e-04
6.975996367799726372e-04
6.909738288083458468e-04
6.696760355573046219e-04
8.389904279137126719e-04
7.693184138999886734e-04
7.547141704025497888e-04
5.954295517780865132e-04
6.693889462113591926e-04
6.834167128239761191e-04
6.499312746002516850e-04
7.483491339197768932e-04
6.800661533268061165e-04
6.384847122529596630e-04
9.289908651710018783e-04
6.803091073587334836e-04
5.613303871204559925e-04
8.387212383247320824e-04
7.369517957316364110e-04
7.390237147193098877e-04
8.434897662992109357e-04
7.075367790698415538e-04
8.315594827374567233e-04
8.197750409481840972e-04
5.982644192747375855e-04
7.641688644363861527e-04
6.792744291690341885e-04
8.136504596686043589e-04
7.203035478229417865e-04
7.012894596938254455e-04
6.768237088427518644e-04
7.710154753900397284e-04
7.874269882510130658e-04
7.895030049032067399e-04
6.953856464710014840e-04
7.421682291918405006e-04
7.368640552833614910e-04
5.881456507580082316e-04
6.271439471901250895e-04
7.780650314343842688e-04
8.580694652453625670e-04
8.166555149199811181e-04
6.762178700586637947e-04
7.598925491892408179e-04
6.674888894368548320e-04
5.460670118015223395e-04
6.880764910303788229e-04
5.768173424796074755e-04
6.602238254603438883e-04
6.925663649353826223e-04
1.026269328209754306e-03
7.578209484403047869e-04
7.006032527697263201e-04
6.873005876787963153e-04
8.306613111279392836e-04
6.342496462076255281e-04
6.278545202412638693e-04
7.128073733327355832e-04
6.958563579476453875e-04
6.999009880171158660e-04
7.384217277301673155e-04
8.177824456001153708e-04
6.122298199031095400e-04
8.008810008313937967e-04
7.379012653332024663e-04
6.579600171234024908e-04
6.814007610626976463e-04
7.094966741854197290e-04
7.218649808927862788e-04
6.679785587620189202e-04
6.258709520256117154e-04
7.757729916184202823e-04
7.154088894932748854e-04
7.492021466029945287e-04
6.869318355737751014e-04
7.282484237446928965e-04
8.617525084702176708e-04
7.452613639339078500e-04
7.040074133529763967e-04
6.971919295902413716e-04
7.533631069992219320e-04
6.719595895184754530e-04
7.226059808899780446e-04
8.086233526356269297e-04
6.731263372581099136e-04
8.300216891068412650e-04
8.485499743437797948e-04
7.628171990766187405e-04
7.932928397494133643e-04
7.089024844804739378e-04
7.608431708682611427e-04
6.762332365590519034e-04
8.940319484031011843e-03
5.398558633473177909e-03
3.928314847408527488e-03
3.178241243909814273e-03
2.668606143077578013e-03
2.906805408690520814e-03
2.524009218646407204e-03
2.242154850516604736e-03
2.368108406204633143e-03
2.073700915860721833e-03
2.187884930519048282e-03
2.054726528699268168e-03
2.133944432091951227e-03
2.017263586763559657e-03
1.832316062515253891e-03
2.028589288124514611e-03
1.862908486464913416e-03
1.866853341836297031e-03
2.040282879926302861e-03
1.787117209293680870e-03
1.575407050665986186e-03
1.934855456169642940e-03
1.921150126942910985e-03
1.825768150369395937e-03
1.587722942053174796e-03
1.675115628840501830e-03
1.887613409198841269e-03
1.854837333299223096e-03
1.564684441583894664e-03
1.697375138407244965e-03
1.605429311420120825e-03
1.623580334350217119e-03
1.541226132597047632e-03
1.891845604951630094e-03
1.775862303332823716e-03
1.777630149496698536e-03
1.746948369236039217e-03
1.535780819963757093e-03
1.718059045076804348e-03
1.670900011167326948e-03
1.535764701782790093e-03
1.668947842722721953e-03
1.503231562399016952e-03
1.445490325661345776e-03
1.339829490537382262e-03
1.558970946954871956e-03
1.486417012141895422e-03
1.526030552400959445e-03
1.635622643178531038e-03
1.472820071813110698e-03
1.645743769932612316e-03
1.496481193421304173e-03
1.576898773196486192e-03
1.398337276458268968e-03
1.582237404203143405e-03
1.432502474333241516e-03
1.447321252103356964e-03
1.561423011920439613e-03
1.503657062627235252e-03
1.388703478520499079e-03
1.427517403329595091e-03
1.516380392967406343e-03
1.595535395112850779e-03
1.429964174441203384e-03
1.488618656932803874e-03
1.576656235439455322e-03
1.361777096741977056e-03
1.741232183989697285e-03
1.326329052786730939e-03
1.515928422430670025e-03
1.461302201901687470e-03
1.327167302118813230e-03
1.552870101784589035e-03
1.396067926830869832e-03
1.418731881314670012e-03
1.440221704961396759e-03
1.427476801977540372e-03
1.425711949690992159e-03
1.668383384593345731e-03
1.596321389109613825e-03
1.586999122920835364e-03
1.430706622081293067e-03
1.520898437639767870e-03
1.520363783105181665e-03
1.173366827364647619e-03
1.501543389343315549e-03
1.157498505482183748e-03
1.320244624745087192e-03
1.396113749578889451e-03
1.434027357738780484e-03
1.368718235374377645e-03
1.277691381677777127e-03
1.315150735447002950e-03
1.309630254636189733e-03
1.382895699365640357e-03
1.393011391488566814e-03
1.397134485603919452e-03
1.177318724103079695e-03
1.211439946543189233e-03
1.299782650196680545e-03
1.315035823469267590e-03
1.243040298382135783e-03
1.327645830942053573e-03
1.281199314264770683e-03
1.431849189927548310e-03
1.388175297061637614e-03
1.342276157727129854e-03
1.308166532467579940e-03
1.266070536819957626e-03
1.300795029885282172e-03
1.235077378984671126e-03
1.363441475704545158e-03
1.341018967237449233e-03
1.121972133307332781e-03
1.167003415125433818e-03
1.186645800489393582e-03
1.211706798723816148e-03
1.208685562765435956e-03
1.404315284091919858e-03
1.340796831108402587e-03
1.178079932421308845e-03
1.374187651782834974e-03
1.267706939988136328e-03
1.258609647443956897e-03
1.169649843906543640e-03
1.440952877681346556e-03
1.251201836256408267e-03
1.213330068843630760e-03
1.191931145150659094e-03
1.206929182517621491e-03
1.170278004474237243e-03
1.311205714605138267e-03
1.265027171005853740e-03
1.227884133084208851e-03
1.205393860720854748e-03
1.196878324268554894e-03
1.168769233940283869e-03
1.279839114614489404e-03
1.320428419406157600e-03
1.277697298274375198e-03
1.318828636276862115e-03
1.198872113467360639e-03
1.224419774508486020e-03
1.332431438928055600e-03
1.327241076832269551e-03
1.241748553960444340e-03
1.041066489396745565e-03
1.090855279695851499e-03
1.347562269230235393e-03
1.250433379436945852e-03
1.262666364060270607e-03
1.090888625782483051e-03
1.117537333678263883e-03
1.257639540996943056e-03
1.130793327269230542e-03
1.328772442636946827e-03
1.155682414404068242e-03
1.161550500542257724e-03
1.157140893342050586e-03
1.083625694535621242e-03
1.189165973432694534e-03
1.121828068066633988e-03
1.195163441469811183e-03
1.108557101641923642e-03
1.087317925355126697e-03
1.173439737874076155e-03
1.180097533812460991e-03
1.168975312339465972e-03
1.235491373399309756e-03
1.192093081791065212e-03
1.156205243503717617e-03
1.189028465676953555e-03
1.206766711379550494e-03
1.251495994706273984e-03
1.112419456601249773e-03
1.202438910746190387e-03
1.150482362502175393e-03
1.153429412369656737e-03
1.263899329439408664e-03
1.017019690969372947e-03
1.320323574836381603e-03
1.146255138385680189e-03
1.187242712231403874e-03
1.184933696063712738e-03
1.253373869725429163e-03
1.121835667800906433e-03
9.549549555813822976e-04
1.211682420347286876e-03
1.156937056343069342e-03
1.267053414974295134e-03
1.184657993984528784e-03
1.097466753143143403e-03
1.176528819820932964e-03
1.364603959074901784e-03
1.194287485100357926e-03
1.179162398465147255e-03
1.229881284342346920e-03
1.123999630190802845e-03
1.079120656884577367e-03
1.122533829702329622e-03
