1.400000000000000029e-02
6.250000000000000347e-03
7.125000000000000257e-03
7.749999999999999944e-03
9.249999999999999542e-03
1.412500000000000040e-02
6.624999999999999813e-03
1.412500000000000040e-02
6.125000000000000236e-03
8.750000000000000833e-03
5.125000000000000215e-03
6.749999999999999924e-03
8.500000000000000611e-03
5.624999999999999792e-03
7.499999999999999722e-03
7.624999999999999833e-03
1.000000000000000021e-02
1.012500000000000032e-02
4.749999999999999882e-03
8.250000000000000389e-03
7.499999999999999722e-03
5.250000000000000326e-03
7.125000000000000257e-03
7.624999999999999833e-03
1.099999999999999936e-02
6.000000000000000125e-03
6.624999999999999813e-03
5.749999999999999903e-03
5.250000000000000326e-03
5.000000000000000104e-03
8.125000000000000278e-03
5.125000000000000215e-03
8.874999999999999209e-03
5.374999999999999570e-03
4.874999999999999993e-03
4.749999999999999882e-03
8.125000000000000278e-03
8.375000000000000500e-03
8.125000000000000278e-03
8.625000000000000722e-03
5.749999999999999903e-03
6.499999999999999702e-03
7.125000000000000257e-03
4.874999999999999993e-03
6.624999999999999813e-03
7.499999999999999722e-03
5.875000000000000014e-03
1.262500000000000080e-02
5.250000000000000326e-03
1.274999999999999918e-02
8.625000000000000722e-03
6.749999999999999924e-03
1.037500000000000054e-02
6.624999999999999813e-03
6.875000000000000035e-03
1.012500000000000032e-02
1.000000000000000021e-02
1.575000000000000011e-02
8.125000000000000278e-03
8.125000000000000278e-03
8.125000000000000278e-03
7.749999999999999944e-03
5.499999999999999681e-03
6.749999999999999924e-03
5.250000000000000326e-03
7.499999999999999722e-03
1.099999999999999936e-02
7.875000000000000056e-03
6.125000000000000236e-03
6.499999999999999702e-03
1.062500000000000076e-02
6.000000000000000125e-03
8.250000000000000389e-03
5.749999999999999903e-03
8.874999999999999209e-03
7.125000000000000257e-03
1.124999999999999958e-02
3.625000000000000184e-03
5.250000000000000326e-03
5.875000000000000014e-03
5.125000000000000215e-03
6.000000000000000125e-03
7.125000000000000257e-03
1.074999999999999914e-02
9.749999999999999986e-03
7.125000000000000257e-03
1.074999999999999914e-02
5.749999999999999903e-03
6.875000000000000035e-03
1.250000000000000069e-02
7.875000000000000056e-03
4.000000000000000083e-03
1.675000000000000100e-02
6.000000000000000125e-03
6.250000000000000347e-03
3.874999999999999972e-03
4.874999999999999993e-03
1.874999999999999931e-02
6.374999999999999591e-03
7.875000000000000056e-03
8.625000000000000722e-03
1.099999999999999936e-02
1.337499999999999974e-02
1.099999999999999936e-02
5.000000000000000104e-03
6.624999999999999813e-03
1.037500000000000054e-02
6.875000000000000035e-03
5.250000000000000326e-03
1.099999999999999936e-02
7.875000000000000056e-03
5.875000000000000014e-03
6.749999999999999924e-03
7.125000000000000257e-03
5.000000000000000104e-03
6.499999999999999702e-03
4.874999999999999993e-03
8.375000000000000500e-03
1.037500000000000054e-02
6.749999999999999924e-03
5.499999999999999681e-03
7.749999999999999944e-03
1.375000000000000007e-02
6.624999999999999813e-03
8.625000000000000722e-03
6.000000000000000125e-03
6.250000000000000347e-03
5.374999999999999570e-03
