2.707265606640533839e+00
5.307765769100200259e+00
3.592164495964622173e+00
3.174565901255553602e+00
2.384036308422420536e+00
2.384005095526830154e+00
2.263496344453930664e+00
4.300343220950773038e+00
3.180961392413091726e+00
3.504207825622173367e+00
2.220308439785318555e+00
5.803129017181655414e+00
4.072116935028170737e+00
2.459231418370736222e+00
2.417904971795032942e+00
2.420009420352284391e+00
2.593224180769492015e+00
2.997822180064482644e+00
2.809639400762000250e+00
2.573293844507002603e+00
3.209367887320909052e+00
2.362839536363797510e+00
2.574684893786304052e+00
2.693401961942285983e+00
2.855591549534310492e+00
3.818804594486093773e+00
2.441903887093970660e+00
2.974818194153707740e+00
3.158477358374360833e+00
2.249936310941071049e+00
3.197881732521433928e+00
2.402955692957825296e+00
2.271690466518932361e+00
5.271148332098066547e+00
5.669772719410629769e+00
3.935570463840730948e+00
2.593798241321149778e+00
2.310795884152280433e+00
3.423249864928350039e+00
2.825062976610173582e+00
2.340845503733175903e+00
2.934331204148078687e+00
4.314349708842345699e+00
6.622650401550456145e-01
4.201095649547829325e+00
1.579152269196493430e+00
3.247233590878972898e+00
5.826811739614197627e+00
4.079211978954517370e+00
5.984063516188689924e+00
3.357189661869535602e+00
5.620790689676131713e-01
3.276156606475593147e+00
3.142805909138910447e+00
6.282626133024581394e-01
4.493051178223284481e+00
5.677250038857933667e+00
6.005018208988341932e-01
2.716361892584337134e+00
3.547666563939392281e-01
4.023900087078446042e+00
4.077760626869927130e+00
5.440247835281301292e+00
5.589875898576949220e-01
6.167767234370629126e+00
4.066065336878387448e+00
5.484054844589734579e+00
8.876933070046629792e-01
1.525394977505818206e+00
2.311254973528596324e+00
1.571006347167092754e+00
3.572350236333175388e+00
2.224757581506800808e+00
2.184553503014029285e+00
2.984601873613097478e+00
3.408615349783814530e-01
6.089134358930503588e+00
4.152092910987730257e+00
1.088234743775477797e+00
3.043758946882577199e+00
2.989239105478578740e+00
2.726120001434245932e+00
1.089293395944667342e+00
3.134277941709100013e+00
