4.310634781338865823e-03
2.587893253016265022e-03
2.285825204709816816e-03
1.928619072064333140e-03
1.573924574284065597e-03
1.449219970225221199e-03
1.377683373265770062e-03
1.311882384036733296e-03
1.220100801603618557e-03
1.490100723917427150e-03
1.162333572581185359e-03
1.187675902601974948e-03
1.134465199504015170e-03
1.127681646830486911e-03
8.869076232170813867e-04
1.103861209121249215e-03
1.058270072664853345e-03
9.710452380450422527e-04
1.109137301639286088e-03
1.034148801364244419e-03
1.003210233233225307e-03
8.302057452359394574e-04
8.517108374884001243e-04
9.843579249850867297e-04
9.058555594871654792e-04
8.077704561995947830e-04
8.693196228443771101e-04
7.700891874985286989e-04
9.063484250578547619e-04
8.999042653844400996e-04
9.535195067126751856e-04
1.019145383547106348e-03
8.755032564005185702e-04
8.305433186609791074e-04
8.458109514099948489e-04
9.019310344332530371e-04
7.505677213813614912e-04
8.034600680002189355e-04
6.778301359737885778e-04
7.884019124843669180e-04
6.838326441235172137e-04
7.751131322615394115e-04
6.538773751231380382e-04
7.162646166511618673e-04
8.364300029990029417e-04
7.367878853691764429e-04
7.030209224955959180e-04
6.823703265315117505e-04
6.528948992574959420e-04
7.296671775317287167e-04
6.630258419827277094e-04
6.509261003377134203e-04
6.203551484355793177e-04
6.197020398581269685e-04
7.814434011138710057e-04
6.232408341430815957e-04
9.250775410872998095e-04
7.278647285259912114e-04
5.732746009229731932e-04
6.209118530070383002e-04
6.110711943953794911e-04
5.966059348161030507e-04
7.084066872545327631e-04
6.923187069268164906e-04
7.429775249550643612e-04
7.812526626991486700e-04
6.254877264177741147e-04
7.286216984353013904e-04
7.598207535885262431e-04
5.806472159779821340e-04
7.148611744535772472e-04
6.834872239944028705e-04
6.999839728754446433e-04
6.620847219335479483e-04
6.539709120716129254e-04
6.030923972508601960e-04
5.167202772279853862e-04
5.109582130086616492e-04
6.057749801925520206e-04
7.654993530623356579e-04
5.259183374749336337e-04
6.615585976397359014e-04
5.866778723736601475e-04
5.772158288230785916e-04
5.581438421639224601e-04
4.846817107259267232e-04
6.825228290384260932e-04
5.051180143362740682e-04
5.459466182146099911e-04
6.787714495735709674e-04
6.123171829382975662e-04
5.762982129087629302e-04
6.099422697860186482e-04
5.836972449335710300e-04
6.294022200978612036e-04
6.065749490268175503e-04
5.176289156855473639e-04
6.190415779540742180e-04
6.646562899333269270e-04
4.879585407375867934e-04
7.164467489448114734e-04
5.666138331166595266e-04
6.289289149284879588e-04
5.970494327817085778e-04
5.550500650998227425e-04
5.945418632587878838e-04
5.123319451812435865e-04
5.833406644826129306e-04
7.391740500882447440e-04
5.456232549365114259e-04
5.537185771420753688e-04
6.281643015044573175e-04
7.181591886385764456e-04
6.519712015543056849e-04
6.214964669867054092e-04
6.214082986509480988e-04
7.460044409587779368e-04
5.210242467547782086e-04
5.557387338715642777e-04
5.202922118270579543e-04
5.638111512212620746e-04
6.428767933782456034e-04
4.929811045432525018e-04
6.299794522899998528e-04
6.103624089945393349e-04
4.977875088324097697e-04
6.564074279149338664e-04
5.114664950504922702e-04
5.973262513498042714e-04
5.255652258222588691e-04
5.746187849457323749e-04
6.514472226273049227e-04
6.538694003161218959e-04
5.120374046726147710e-04
6.840211303593829451e-04
6.123323123661157663e-04
5.371344584462131588e-04
5.505329063448041738e-04
6.516067523631569047e-04
6.498231839054194325e-04
6.072543342731315241e-04
6.047850804101369271e-04
6.471518050469478311e-04
5.899621958764394991e-04
5.684752847929658293e-04
5.025282845588646685e-04
5.517506704742457246e-04
5.434832506108003281e-04
5.312381122998498240e-04
5.715426372510795661e-04
4.922906818270456064e-04
5.748116728182227353e-04
6.456334294897177195e-04
5.761940638569357231e-04
5.117692340482621338e-04
5.891665676737781188e-04
4.997218131104069760e-04
5.869859054619674943e-04
6.021423196880051898e-04
6.523222639880296714e-04
6.355012320397868120e-04
5.290851358191912823e-04
6.005788617268401075e-04
5.834854325151572763e-04
6.252153221100696656e-04
6.054194484856958991e-04
5.091670040769102901e-04
5.227165558203926421e-04
5.136698008961042283e-04
4.998223049793304451e-04
4.334380133741780328e-04
6.213791386369682535e-04
5.306066216031676830e-04
5.415346966906424420e-04
5.942867857484761263e-04
5.653224140054757818e-04
5.257047787420900120e-04
6.105033583711019785e-04
5.558184014621582458e-04
5.883662250652198222e-04
4.102400714965544204e-04
5.260777037139341417e-04
5.464069444834004918e-04
5.192862649871926584e-04
3.842936937450205925e-04
4.478393668817456930e-04
5.318930393604995310e-04
6.496166429735932002e-04
4.454382186473808403e-04
6.240736871360036409e-04
5.860622383534949686e-04
6.244619098496120846e-04
5.264311308090206809e-04
4.332988470229920397e-04
4.975640308969957182e-04
4.837791180157882676e-04
5.310131601502510179e-04
4.829910872694020973e-04
5.569640111571828867e-04
4.902254140739942256e-04
3.605359136473994253e-03
2.129105938378030721e-03
1.928316736207014853e-03
1.621971510029004970e-03
1.407008823762649630e-03
1.239226876953977707e-03
1.240395466783734968e-03
1.202183997766861218e-03
1.224909601486537380e-03
1.204702049155390031e-03
1.160506588432544395e-03
8.186547983779490778e-04
9.556339477354361400e-04
1.028898971157009290e-03
7.913063468839229286e-04
9.156907411609002678e-04
9.748307056171370832e-04
9.110853634197828288e-04
7.061228740003200333e-04
8.248597899295634361e-04
8.360617132317504918e-04
9.304932694698224427e-04
8.465946343028107890e-04
7.997157966612641888e-04
9.122392641182919260e-04
7.330396346484670256e-04
7.156047329741656304e-04
7.392111319269763225e-04
8.106200490502132872e-04
8.025781870211537439e-04
7.185489791400115345e-04
7.321218866529893843e-04
7.470073919119447903e-04
6.831335401997727652e-04
7.812757088645587433e-04
6.095966261131791075e-04
8.380277165933383565e-04
6.073357095468696898e-04
6.381164654933671465e-04
5.874692203891411502e-04
7.276995421672399766e-04
7.749920273562305173e-04
6.862801146536590124e-04
6.786761539227838258e-04
6.158755354805540982e-04
8.356701699664750849e-04
7.424872467546791976e-04
6.509369531322167779e-04
6.495314677277090609e-04
6.792695656106101376e-04
7.668642249845161740e-04
6.610058232303130110e-04
5.418260106863637127e-04
7.232543306501353075e-04
6.709215105055454931e-04
6.467449284351285688e-04
6.399881054321397700e-04
8.398260914656077714e-04
5.930889423600080312e-04
7.222806149803848164e-04
5.679546252095879488e-04
7.676782033201566546e-04
5.984596981121990955e-04
7.198297577207038445e-04
6.067985058861649628e-04
7.666148375026077266e-04
6.846314732103370160e-04
5.453155740363473114e-04
6.716738908465989810e-04
6.435317714165583736e-04
6.485125069257968722e-04
7.146656298320230860e-04
6.908516095804860535e-04
6.436516205299142035e-04
6.495460522783977342e-04
6.025522062804086754e-04
5.931674497342831476e-04
5.747834554888191227e-04
6.110571172041195931e-04
5.988284180485012320e-04
7.303560480652789011e-04
6.471861818524229926e-04
6.943041237010040556e-04
6.817116200898629130e-04
5.285355680324441141e-04
6.047070937209471364e-04
6.317499116979402585e-04
6.251439147783866002e-04
6.116203811315466810e-04
6.892193933664761407e-04
8.013885229148608180e-04
7.744846501123933691e-04
6.597476334528618036e-04
6.458131206708087046e-04
5.421571326658936041e-04
5.837086592180434907e-04
8.666098843108788197e-04
7.200558068734992656e-04
5.476884333127443605e-04
4.494032948162002272e-04
6.770300185799556225e-04
7.002762833226046368e-04
5.342626410574681517e-04
5.905804132383743466e-04
5.453871644150419529e-04
7.285179429196153578e-04
6.638432416934056390e-04
6.453343728628976872e-04
5.776719967352031415e-04
4.985218176277936286e-04
6.268069625594632766e-04
5.567528952282879695e-04
6.410704579992397567e-04
6.591927872972927482e-04
6.234445296000867831e-04
6.183167716878497366e-04
6.111854596047988641e-04
6.937212089529881665e-04
5.916322505093163375e-04
5.208089719429057074e-04
6.041325197689850768e-04
5.064217498269296680e-04
6.208258981425206213e-04
7.085079633232897744e-04
7.701970027400618923e-04
8.188034491018840455e-04
6.587673732030563389e-04
6.851989683346812465e-04
6.023616933159524345e-04
6.418602838769230101e-04
5.604738555957528012e-04
5.743910542190533430e-04
6.990983845528465912e-04
6.384500892087294210e-04
4.670691706802100607e-04
6.652212051809006099e-04
5.311192709891998653e-04
7.357314496675843030e-04
6.217765301044439474e-04
5.109318762213307941e-04
5.355900096401661203e-04
5.306960065740023991e-04
7.417392609141842952e-04
6.376545664173206840e-04
7.409161671528344262e-04
6.126774791705077994e-04
6.266313164420625470e-04
7.002658588582920396e-04
5.625782554177366501e-04
5.974446113153099314e-04
6.814884387751317385e-04
7.539850879745430001e-04
5.088150789239118121e-04
5.424033098812772180e-04
5.429611855421838384e-04
6.900364525425882467e-04
5.417463792021029456e-04
6.046861520418653213e-04
5.446691793535921033e-04
5.471278865901915700e-04
5.243900202064749605e-04
7.209009781262432082e-04
5.024509152237593979e-04
6.079489236351133530e-04
7.570212706912299305e-04
7.248442093473056458e-04
5.545002711663978012e-04
6.456524906195970637e-04
6.255043320930152306e-04
5.730368810097953569e-04
5.884669803504771757e-04
6.583466159205408896e-04
5.432969221113512215e-04
6.581101105387759942e-04
5.219079832618975234e-04
6.145615738651043214e-04
4.722743557026426453e-04
5.571026750741392419e-04
5.472307285340968774e-04
6.644613248474630363e-04
6.812375498429570908e-04
5.866109957711786171e-04
6.391444338977488038e-04
4.812430026640661385e-04
4.542240383301442141e-04
5.779873417142353254e-04
5.307373315932353841e-04
5.996199209172894951e-04
6.011676842063405635e-04
5.463272996774209966e-04
7.731764655020227639e-04
6.094619505443363283e-04
5.282045052047365519e-04
6.428334612909661350e-04
5.648199675775816830e-04
6.048419694992118734e-04
5.356254292359710623e-04
4.257719726479813893e-04
4.604391790064971124e-04
5.601848753853042040e-04
