4.310634781338865823e-03
2.587893253016265022e-03
2.285825204709816816e-03
1.928619072064333140e-03
1.573924574284065597e-03
1.449219970225221199e-03
1.377683373265770062e-03
1.311882384036733296e-03
1.220100801603618557e-03
1.490100723917427150e-03
1.162333572581185359e-03
1.187675902601974948e-03
1.134465199504015170e-03
1.127681646830486911e-03
8.869076232170813867e-04
1.103861209121249215e-03
1.058270072664853345e-03
9.710452380450422527e-04
1.109137301639286088e-03
1.034148801364244419e-03
1.003210233233225307e-03
8.302057452359394574e-04
8.517108374884001243e-04
9.843579249850867297e-04
9.058555594871654792e-04
8.077704561995947830e-04
8.693196228443771101e-04
7.700891874985286989e-04
9.063484250578547619e-04
8.999042653844400996e-04
9.535195067126751856e-04
1.019145383547106348e-03
8.755032564005185702e-04
8.305433186609791074e-04
8.458109514099948489e-04
9.019310344332530371e-04
7.505677213813614912e-04
8.034600680002189355e-04
6.778301359737885778e-04
7.884019124843669180e-04
6.838326441235172137e-04
7.751131322615394115e-04
6.538773751231380382e-04
7.162646166511618673e-04
8.364300029990029417e-04
7.367878853691764429e-04
7.030209224955959180e-04
6.823703265315117505e-04
6.528948992574959420e-04
7.296671775317287167e-04
6.630258419827277094e-04
6.509261003377134203e-04
6.203551484355793177e-04
6.197020398581269685e-04
7.814434011138710057e-04
6.232408341430815957e-04
9.250775410872998095e-04
7.278647285259912114e-04
5.732746009229731932e-04
6.209118530070383002e-04
6.110711943953794911e-04
5.966059348161030507e-04
7.084066872545327631e-04
6.923187069268164906e-04
7.429775249550643612e-04
7.812526626991486700e-04
6.254877264177741147e-04
7.286216984353013904e-04
7.598207535885262431e-04
5.806472159779821340e-04
7.148611744535772472e-04
6.834872239944028705e-04
6.999839728754446433e-04
6.620847219335479483e-04
6.539709120716129254e-04
6.030923972508601960e-04
5.167202772279853862e-04
5.109582130086616492e-04
6.057749801925520206e-04
7.654993530623356579e-04
5.259183374749336337e-04
6.615585976397359014e-04
5.866778723736601475e-04
5.772158288230785916e-04
5.581438421639224601e-04
4.846817107259267232e-04
6.825228290384260932e-04
5.051180143362740682e-04
5.459466182146099911e-04
6.787714495735709674e-04
6.123171829382975662e-04
5.762982129087629302e-04
6.099422697860186482e-04
5.836972449335710300e-04
6.294022200978612036e-04
6.065749490268175503e-04
5.176289156855473639e-04
6.190415779540742180e-04
6.646562899333269270e-04
4.879585407375867934e-04
7.164467489448114734e-04
5.666138331166595266e-04
6.289289149284879588e-04
5.970494327817085778e-04
5.550500650998227425e-04
5.945418632587878838e-04
5.123319451812435865e-04
5.833406644826129306e-04
7.391740500882447440e-04
5.456232549365114259e-04
5.537185771420753688e-04
6.281643015044573175e-04
7.181591886385764456e-04
6.519712015543056849e-04
6.214964669867054092e-04
6.214082986509480988e-04
7.460044409587779368e-04
5.210242467547782086e-04
5.557387338715642777e-04
5.202922118270579543e-04
5.638111512212620746e-04
6.428767933782456034e-04
4.929811045432525018e-04
6.299794522899998528e-04
6.103624089945393349e-04
4.977875088324097697e-04
6.564074279149338664e-04
5.114664950504922702e-04
5.973262513498042714e-04
5.255652258222588691e-04
5.746187849457323749e-04
6.514472226273049227e-04
6.538694003161218959e-04
5.120374046726147710e-04
6.840211303593829451e-04
6.123323123661157663e-04
5.371344584462131588e-04
5.505329063448041738e-04
6.516067523631569047e-04
6.498231839054194325e-04
6.072543342731315241e-04
6.047850804101369271e-04
6.471518050469478311e-04
5.899621958764394991e-04
5.684752847929658293e-04
5.025282845588646685e-04
5.517506704742457246e-04
5.434832506108003281e-04
5.312381122998498240e-04
5.715426372510795661e-04
4.922906818270456064e-04
5.748116728182227353e-04
6.456334294897177195e-04
5.761940638569357231e-04
5.117692340482621338e-04
5.891665676737781188e-04
4.997218131104069760e-04
5.869859054619674943e-04
6.021423196880051898e-04
6.523222639880296714e-04
6.355012320397868120e-04
5.290851358191912823e-04
6.005788617268401075e-04
5.834854325151572763e-04
6.252153221100696656e-04
6.054194484856958991e-04
5.091670040769102901e-04
5.227165558203926421e-04
5.136698008961042283e-04
4.998223049793304451e-04
4.334380133741780328e-04
6.213791386369682535e-04
5.306066216031676830e-04
5.415346966906424420e-04
5.942867857484761263e-04
5.653224140054757818e-04
5.257047787420900120e-04
6.105033583711019785e-04
5.558184014621582458e-04
5.883662250652198222e-04
4.102400714965544204e-04
5.260777037139341417e-04
5.464069444834004918e-04
5.192862649871926584e-04
3.842936937450205925e-04
4.478393668817456930e-04
5.318930393604995310e-04
6.496166429735932002e-04
4.454382186473808403e-04
6.240736871360036409e-04
5.860622383534949686e-04
6.244619098496120846e-04
5.264311308090206809e-04
4.332988470229920397e-04
4.975640308969957182e-04
4.837791180157882676e-04
5.310131601502510179e-04
4.829910872694020973e-04
5.569640111571828867e-04
4.902254140739942256e-04
3.605359136473994253e-03
2.129105938378030721e-03
1.928316736207014853e-03
1.621971510029004970e-03
1.407008823762649630e-03
1.239226876953977707e-03
1.240395466783734968e-03
1.202183997766861218e-03
1.224909601486537380e-03
1.204702049155390031e-03
1.160506588432544395e-03
8.186547983779490778e-04
9.556339477354361400e-04
1.028898971157009290e-03
7.913063468839229286e-04
9.156907411609002678e-04
9.748307056171370832e-04
9.110853634197828288e-04
7.061228740003200333e-04
8.248597899295634361e-04
8.360617132317504918e-04
9.304932694698224427e-04
8.465946343028107890e-04
7.997157966612641888e-04
9.122392641182919260e-04
7.330396346484670256e-04
7.156047329741656304e-04
7.392111319269763225e-04
8.106200490502132872e-04
8.025781870211537439e-04
7.185489791400115345e-04
7.321218866529893843e-04
7.470073919119447903e-04
6.831335401997727652e-04
7.812757088645587433e-04
6.095966261131791075e-04
8.380277165933383565e-04
6.073357095468696898e-04
6.381164654933671465e-04
5.874692203891411502e-04
7.276995421672399766e-04
7.749920273562305173e-04
6.862801146536590124e-04
6.786761539227838258e-04
6.158755354805540982e-04
8.356701699664750849e-04
7.424872467546791976e-04
6.509369531322167779e-04
6.495314677277090609e-04
6.792695656106101376e-04
7.668642249845161740e-04
6.610058232303130110e-04
5.418260106863637127e-04
7.232543306501353075e-04
6.709215105055454931e-04
6.467449284351285688e-04
6.399881054321397700e-04
8.398260914656077714e-04
5.930889423600080312e-04
7.222806149803848164e-04
5.679546252095879488e-04
7.676782033201566546e-04
5.984596981121990955e-04
7.198297577207038445e-04
6.067985058861649628e-04
7.666148375026077266e-04
6.846314732103370160e-04
5.453155740363473114e-04
6.716738908465989810e-04
6.435317714165583736e-04
6.485125069257968722e-04
7.146656298320230860e-04
6.908516095804860535e-04
6.436516205299142035e-04
6.495460522783977342e-04
6.025522062804086754e-04
5.931674497342831476e-04
5.747834554888191227e-04
6.110571172041195931e-04
5.988284180485012320e-04
7.303560480652789011e-04
6.471861818524229926e-04
6.943041237010040556e-04
6.817116200898629130e-04
5.285355680324441141e-04
6.047070937209471364e-04
6.317499116979402585e-04
6.251439147783866002e-04
6.116203811315466810e-04
6.892193933664761407e-04
8.013885229148608180e-04
7.744846501123933691e-04
6.597476334528618036e-04
6.458131206708087046e-04
5.421571326658936041e-04
5.837086592180434907e-04
8.666098843108788197e-04
7.200558068734992656e-04
5.476884333127443605e-04
4.494032948162002272e-04
6.770300185799556225e-04
7.002762833226046368e-04
5.342626410574681517e-04
5.905804132383743466e-04
5.453871644150419529e-04
7.285179429196153578e-04
6.638432416934056390e-04
6.453343728628976872e-04
5.776719967352031415e-04
4.985218176277936286e-04
6.268069625594632766e-04
5.567528952282879695e-04
6.410704579992397567e-04
6.591927872972927482e-04
6.234445296000867831e-04
6.183167716878497366e-04
6.111854596047988641e-04
6.937212089529881665e-04
5.916322505093163375e-04
5.208089719429057074e-04
6.041325197689850768e-04
5.064217498269296680e-04
6.208258981425206213e-04
7.085079633232897744e-04
7.701970027400618923e-04
8.188034491018840455e-04
6.587673732030563389e-04
6.851989683346812465e-04
6.023616933159524345e-04
6.418602838769230101e-04
5.604738555957528012e-04
5.743910542190533430e-04
6.990983845528465912e-04
6.384500892087294210e-04
4.670691706802100607e-04
6.652212051809006099e-04
5.311192709891998653e-04
7.357314496675843030e-04
6.217765301044439474e-04
5.109318762213307941e-04
5.355900096401661203e-04
5.306960065740023991e-04
7.417392609141842952e-04
6.376545664173206840e-04
7.409161671528344262e-04
6.126774791705077994e-04
6.266313164420625470e-04
7.002658588582920396e-04
5.625782554177366501e-04
5.974446113153099314e-04
6.814884387751317385e-04
7.539850879745430001e-04
5.088150789239118121e-04
5.424033098812772180e-04
5.429611855421838384e-04
6.900364525425882467e-04
5.417463792021029456e-04
6.046861520418653213e-04
5.446691793535921033e-04
5.471278865901915700e-04
5.243900202064749605e-04
7.209009781262432082e-04
5.024509152237593979e-04
6.079489236351133530e-04
7.570212706912299305e-04
7.248442093473056458e-04
5.545002711663978012e-04
6.456524906195970637e-04
6.255043320930152306e-04
5.730368810097953569e-04
5.884669803504771757e-04
6.583466159205408896e-04
5.432969221113512215e-04
6.581101105387759942e-04
5.219079832618975234e-04
6.145615738651043214e-04
4.722743557026426453e-04
5.571026750741392419e-04
5.472307285340968774e-04
6.644613248474630363e-04
6.812375498429570908e-04
5.866109957711786171e-04
6.391444338977488038e-04
4.812430026640661385e-04
4.542240383301442141e-04
5.779873417142353254e-04
5.307373315932353841e-04
5.996199209172894951e-04
6.011676842063405635e-04
5.463272996774209966e-04
7.731764655020227639e-04
6.094619505443363283e-04
5.282045052047365519e-04
6.428334612909661350e-04
5.648199675775816830e-04
6.048419694992118734e-04
5.356254292359710623e-04
4.257719726479813893e-04
4.604391790064971124e-04
5.601848753853042040e-04
5.643648955177861526e-03
4.183482245450956954e-03
3.231157829425877065e-03
2.942804663424902073e-03
2.707773314293560052e-03
2.546680271865938566e-03
2.088505831023403786e-03
1.945444562027606045e-03
1.693002369487349446e-03
2.007888387076661729e-03
1.937389496644955494e-03
1.623747632712509159e-03
1.388257555529820442e-03
1.566594650203870925e-03
1.430786373336073725e-03
1.500368607673580046e-03
1.289905961383928240e-03
1.386494302447700833e-03
1.313956296794385747e-03
1.234546530607141118e-03
1.207052565297715013e-03
1.067272629576492687e-03
1.241155781537342517e-03
1.301584153881082950e-03
1.012660992906748436e-03
1.073847059392851050e-03
8.905192025591424088e-04
1.018642086629308052e-03
1.016271422157256216e-03
9.858285083558827877e-04
9.810710911307418680e-04
9.758871486977710452e-04
9.212222648565387972e-04
8.979698902748453615e-04
1.012216776247423788e-03
7.583163086290409249e-04
9.235814958255365859e-04
9.547569394445891422e-04
8.975724365309842301e-04
8.206083223353741185e-04
8.247331443019395580e-04
8.353427327670685798e-04
6.844608829873199962e-04
7.763418879359294811e-04
8.108839462691516675e-04
8.239675418436516463e-04
8.972009278439344038e-04
7.078404140185047544e-04
9.568098230419604111e-04
7.030005566776714732e-04
6.701269802784418084e-04
6.962693015970557175e-04
6.335416910992937300e-04
7.810468404404816156e-04
7.709940003192902735e-04
6.973165203380607413e-04
6.747300228035456315e-04
8.996023683910357727e-04
7.747138339915596306e-04
7.643593725609187928e-04
7.424130436684168999e-04
7.425682115980401787e-04
7.759435958203456107e-04
6.683456393315120869e-04
6.573201299526730546e-04
8.047571844362402804e-04
7.470226939383164955e-04
6.234947997720077795e-04
6.688971771920092235e-04
6.607367019291418564e-04
6.400738660428846594e-04
6.171398024685421924e-04
7.086281741501207487e-04
6.837185090975417268e-04
7.252371886884191599e-04
7.760215443447376904e-04
6.814164476738257537e-04
4.961603190019453491e-04
7.320329934815336670e-04
8.537887417443164317e-04
7.020668244450377349e-04
6.662236015819965329e-04
7.223545438776214633e-04
6.765417236672260914e-04
7.355299890806320240e-04
6.824409531767904047e-04
7.508863246304779693e-04
6.649726951589961244e-04
7.082752825649032968e-04
8.166341228665330298e-04
7.484259348364101505e-04
7.689941170043110286e-04
5.775159467110366207e-04
7.583929567941960492e-04
6.302254561672618327e-04
6.676074276797880347e-04
7.066114252415982289e-04
6.727626497802161043e-04
5.650896421345412424e-04
7.170872683076381926e-04
7.743538385037197769e-04
6.325512322844575874e-04
8.459179793114356138e-04
5.538987223303974694e-04
6.205048879673498441e-04
6.923752290608660431e-04
8.668019532875326227e-04
6.854076402533840207e-04
7.748881253170462891e-04
6.509417659714064608e-04
7.573337082517998808e-04
6.617597004723654863e-04
7.698920839570751184e-04
7.686860735124818877e-04
7.104852606028000395e-04
6.270987394797963854e-04
7.623069918629293840e-04
6.457900254055494449e-04
5.428171414263542605e-04
6.442708455293225112e-04
5.831662857199021444e-04
5.528554960317483280e-04
7.620654673556777337e-04
5.138294039896337817e-04
6.819879111594345789e-04
6.622925874368405796e-04
7.006391237682658979e-04
7.558885792115395408e-04
6.324743642725019765e-04
8.087791026480072032e-04
5.839626846224493795e-04
5.482023208593853059e-04
6.109904447547769013e-04
7.322187303869728825e-04
7.105723588983411942e-04
6.494504276599831483e-04
7.419203537737499576e-04
6.166785213635450624e-04
5.599675969535956865e-04
5.824189829571647936e-04
7.978301140576828099e-04
7.582752748969204259e-04
6.552541965425193182e-04
6.945251305563934774e-04
6.195099164962303284e-04
5.348333502649890714e-04
7.417701261474216046e-04
6.865208014485979504e-04
7.050117524130990188e-04
6.320346089598340156e-04
6.982037899497424427e-04
6.344920214169276484e-04
6.181395779420138792e-04
6.074243971922639596e-04
5.774330810471989262e-04
6.215720630380235090e-04
7.819469941520232337e-04
6.798524366257684137e-04
7.538464617174514548e-04
6.386031973516503868e-04
5.853140455867461567e-04
5.771574820467445521e-04
6.515867184905162202e-04
6.253134159666523528e-04
5.842834414225492323e-04
8.099220846965043963e-04
7.068922968786160721e-04
5.928166041821308907e-04
7.096946153567484927e-04
6.837620541725285273e-04
7.008647306574224134e-04
6.077027092441789069e-04
6.506083955408019370e-04
5.258268958769768409e-04
6.458838508931960543e-04
6.298343788179519565e-04
5.723398483861441566e-04
6.732389724979498391e-04
6.391128237040709370e-04
5.732459182111286633e-04
7.152731381078331063e-04
6.355928811966927994e-04
6.473581471844666591e-04
7.470663041469725874e-04
6.658042333782462907e-04
6.646016829363748935e-04
6.277057169875206732e-04
5.164889864292046551e-04
6.447814973683727025e-04
7.448768324698762378e-04
5.791057874784712178e-04
5.561404546901814461e-04
5.854435650896328003e-04
6.555873639364426242e-04
6.367741684843997163e-04
6.289331479997599395e-04
6.289189043898607556e-04
7.309998263924227802e-04
6.355587281257520094e-04
6.996146069508484000e-04
5.141163531713972140e-03
3.451435965702059211e-03
3.110372241231791623e-03
2.661911566233618465e-03
2.182029936852944441e-03
1.846674106640879692e-03
1.701162375515347103e-03
1.579981795287451612e-03
1.809676921363925772e-03
1.383700616336164257e-03
1.251267794102728370e-03
1.308917817129738592e-03
1.153955227492009517e-03
1.173586314310689355e-03
1.019774063654908802e-03
1.220002415206963842e-03
1.135119368511773585e-03
1.183376940732325244e-03
1.082945119153487512e-03
1.081708148375035150e-03
1.127206885604151165e-03
1.002358557242070264e-03
8.873115911007013745e-04
9.969023394704318308e-04
9.404968429246596262e-04
8.366947700495577789e-04
9.963524705708763640e-04
9.670513939724935393e-04
8.729821004580112787e-04
1.023166073927009312e-03
8.711898757961453188e-04
8.421353158012609419e-04
9.938176291107818361e-04
9.447244076406999258e-04
8.513908604901206101e-04
8.718863770186824347e-04
7.665481660711070955e-04
8.153482933066953653e-04
7.378203261245719347e-04
9.366875592293488761e-04
8.470523055611155205e-04
8.415498550801286948e-04
8.406845899278543588e-04
8.088937555622045805e-04
9.303325680508796325e-04
8.383685858738311458e-04
8.809531929865575817e-04
8.351438832042146210e-04
7.952371925774720518e-04
8.228609207676686188e-04
7.909824561992268022e-04
8.177342398461504014e-04
8.898071992706341193e-04
7.900809604057881796e-04
8.851053645994033658e-04
7.138346631932086794e-04
8.647436652683103409e-04
7.198341436488661649e-04
6.461990273192580458e-04
7.833529679343829988e-04
6.999586403072938223e-04
7.318257463852957667e-04
7.538548891085766757e-04
7.289420395555738785e-04
7.913268441703293077e-04
8.102343227884278853e-04
7.075421414519181273e-04
7.045944687212347957e-04
8.591297897559690977e-04
6.742331320083796986e-04
6.896714380250738852e-04
7.162082094915311892e-04
9.450417616185431691e-04
7.717404124688957701e-04
7.197609790016712417e-04
7.662502033025236914e-04
6.408247992767471257e-04
9.703888290956558249e-04
7.856567562201689781e-04
7.452662264538639780e-04
8.163158270671350136e-04
7.116778777834856240e-04
7.884308922538087183e-04
7.612996609361322164e-04
7.161706459506561595e-04
7.197248516213478053e-04
7.466352390904408554e-04
7.486623541242166946e-04
6.879285754294098276e-04
6.776523695818034709e-04
5.992911549572779717e-04
6.724652690218921314e-04
7.588327277780609892e-04
6.874818358372676574e-04
7.055205266870284708e-04
6.041902569459828287e-04
8.750737782543330234e-04
6.996659141908431745e-04
7.164370948546938678e-04
7.674175197841352769e-04
7.283777108595991534e-04
7.001865678525134862e-04
5.819780449808457934e-04
5.931658318227214788e-04
6.778561388372933427e-04
6.349514427005584216e-04
5.763370512442897442e-04
7.245015443489571938e-04
6.630336555705149126e-04
7.170762662987648084e-04
6.145595095402786590e-04
5.438116279431678968e-04
7.207232430713472748e-04
7.029768544217079862e-04
8.074199901016397563e-04
6.961763568081869025e-04
6.143092195350294271e-04
5.811030232828195974e-04
6.421331480419671667e-04
6.928012813020301142e-04
6.229409101106524183e-04
6.216908984436088359e-04
6.035559770920587153e-04
7.088806258496900548e-04
6.646698477232870772e-04
8.191212197514209647e-04
6.438143800998885613e-04
7.146082528958937197e-04
5.630384207072798575e-04
7.245411362511097741e-04
6.146659660531371416e-04
5.920877372928914917e-04
6.265788463514186668e-04
7.051037081868861967e-04
6.556098233668448960e-04
6.013426182814377019e-04
5.591450162070847607e-04
5.641682034606444740e-04
6.795964751417152283e-04
7.043290855721570654e-04
6.393323320250457464e-04
6.183873504994712167e-04
7.490096316370223328e-04
6.475797913083267132e-04
4.808988245921970439e-04
5.688808026087337211e-04
6.587330173007215073e-04
5.356334824444600184e-04
5.432514350451680962e-04
5.934362146654478809e-04
5.763896978512143832e-04
6.416553847458129900e-04
6.293299502808484547e-04
5.593796240053079682e-04
6.718995994636454971e-04
6.348093035252987126e-04
6.202212496279266296e-04
5.579196461039000188e-04
6.551795256084652630e-04
6.535258238000718478e-04
6.026512089075536371e-04
7.067671926016226569e-04
5.773735344171103401e-04
5.663262664066213981e-04
5.741718241704246717e-04
5.727245130662493577e-04
6.288795857269796619e-04
6.256590089473955396e-04
5.801019773336787977e-04
6.119633199321641848e-04
5.519913552735830620e-04
5.661265436916890215e-04
5.483712516189918895e-04
5.528769261746238617e-04
7.625622552978710000e-04
6.859803356686657028e-04
6.259838523475572125e-04
6.018401709895482288e-04
5.553134379893964745e-04
5.535824785723696129e-04
5.819788504283114616e-04
6.618750525277071473e-04
6.125563795403195233e-04
6.249915212340820259e-04
5.285296856373869478e-04
5.855766796215369774e-04
5.551140214846220222e-04
5.361819110272052213e-04
5.258608213784404795e-04
6.157338621509203525e-04
5.091340265917405905e-04
7.845722590610962333e-04
5.917014574016513095e-04
5.689907033945319770e-04
5.074199405927307116e-04
6.227230611479291078e-04
6.361053477403656731e-04
6.031848603240096141e-04
5.792493796272502049e-04
5.597860796904552405e-04
4.427402398031288905e-03
2.853461947118361014e-03
2.325360126512132641e-03
2.136935355514013590e-03
1.686723421931452666e-03
1.637390471942785919e-03
1.465020118613158395e-03
1.310330059989098933e-03
1.396722980925541729e-03
1.169685195599075300e-03
1.214708733766070581e-03
1.232911556024039040e-03
1.181513145826526556e-03
1.178126735618935383e-03
1.097106399202553428e-03
1.112782695691195284e-03
1.075887013145402499e-03
1.271777805209373113e-03
1.171788509942098960e-03
9.990430888695764344e-04
9.802504751932165916e-04
1.074894137570989172e-03
7.687556946055773555e-04
1.221610144041405249e-03
9.177280074165773682e-04
8.782052449646318704e-04
8.372270699057333954e-04
8.406344094491410845e-04
9.195971092927392176e-04
8.073116635450294787e-04
8.292165393973677245e-04
1.069415623118845360e-03
9.068835290427373907e-04
9.484268538820436745e-04
8.145181060392921168e-04
7.667444995973458910e-04
8.045906830810509169e-04
7.892527099999137319e-04
7.870252225157248205e-04
7.019795374576497105e-04
8.246781430585256589e-04
9.677745024538747520e-04
7.805001739902631130e-04
8.194500050215519638e-04
6.937507023233660530e-04
8.998741004730970161e-04
7.559906564594889855e-04
7.218802741643694232e-04
8.699054665501394779e-04
7.727565095918681459e-04
6.467176099277313628e-04
6.664746571639901251e-04
9.046172789568714123e-04
6.396802913484905817e-04
6.630491373561496482e-04
7.848634557105216292e-04
6.280293892498775565e-04
8.082966760796818362e-04
8.483820670352401616e-04
8.207661480042968694e-04
6.875355219972817400e-04
6.841479148909784813e-04
6.722741560483067036e-04
7.784000958730094566e-04
7.030127406809742741e-04
7.808657816412573061e-04
8.028853650726142099e-04
8.342149219422792528e-04
6.534718267005509840e-04
7.149606479648386304e-04
7.692736698061836131e-04
7.270727563711068542e-04
6.522761849768569931e-04
6.782099188205534257e-04
7.283242171064602255e-04
6.850413913668806920e-04
8.947130303282278818e-04
6.269305571198965921e-04
6.496042859871486996e-04
6.903376543645166341e-04
7.699957681485576633e-04
7.153870677490785368e-04
5.898229142344314779e-04
6.757742695587057313e-04
7.736293849032668812e-04
8.287380384079112705e-04
6.926944225121023369e-04
8.149835154742622600e-04
7.062598617983001370e-04
5.734320494702148385e-04
7.021126291533313912e-04
7.529770757405788995e-04
5.853994865521426616e-04
7.052762010388256841e-04
8.010982917264694581e-04
6.180530817430779367e-04
7.560308067429619139e-04
7.927923140728793117e-04
6.986996801544645419e-04
8.065166769051640427e-04
7.119388860054344514e-04
6.341631078350881690e-04
7.197921493480238797e-04
6.742336260192813291e-04
6.674385721837025609e-04
6.754156958680354594e-04
5.314292603404331683e-04
6.802527236154480572e-04
5.734754053750429348e-04
7.530534451747408764e-04
5.959650005220029634e-04
6.915505032519704554e-04
6.289045737486072263e-04
6.776333545195564745e-04
6.014776519045576808e-04
6.949812064761598518e-04
5.932502906609363191e-04
6.320795888048215405e-04
7.393789856862398313e-04
6.408612828664068950e-04
6.097721711677966949e-04
5.811375624966939879e-04
6.626323238655418280e-04
7.388268802208317054e-04
6.779296727676097090e-04
6.839618061760602274e-04
6.757105770173431336e-04
7.087607537479556630e-04
7.380166952588237961e-04
5.921022912737036736e-04
7.007991331359590681e-04
6.503436719246767639e-04
5.924873551539366900e-04
6.261972943977268946e-04
6.065896585148999876e-04
6.520455080694445571e-04
6.471670588997363582e-04
6.869088692861083367e-04
5.510122633370431733e-04
6.575638364153466031e-04
6.547233445172717659e-04
5.507574554195447669e-04
6.526646982322678592e-04
6.826453898668462250e-04
5.451664335190953281e-04
5.539700117687569592e-04
6.823356715887733681e-04
5.935240767717502031e-04
7.395077485972539888e-04
8.484960309121311606e-04
6.182786027314271515e-04
5.664561256381837884e-04
6.327162084011385412e-04
5.677504169366159870e-04
5.479377961185583068e-04
6.936075547508378791e-04
5.953456099395404433e-04
6.458700572345987823e-04
6.543785508258057049e-04
5.667907294381047123e-04
6.825201251447823858e-04
6.107601228304629370e-04
5.787374650342257121e-04
5.442127241963370943e-04
6.037108841656091407e-04
6.541168379950307310e-04
5.493980747343432669e-04
7.188533981782353754e-04
7.847028228998506605e-04
5.489490790230103223e-04
6.227357569938453408e-04
6.580143972865180879e-04
5.277096784003509899e-04
5.121639043572379091e-04
6.304292414047417414e-04
6.312510054076563015e-04
5.828562076289102445e-04
5.327253078591075164e-04
5.258262658765222586e-04
6.226317475716280914e-04
5.731832586494053916e-04
6.949298252262002540e-04
7.158090344303869035e-04
5.073482296332164354e-04
5.550757460137875632e-04
5.378488748217710724e-04
6.561664093571867307e-04
5.218132900761916770e-04
5.028792093641487604e-04
5.995356261803280740e-04
5.977379538370138079e-04
5.155997941870410495e-04
5.803925889261915549e-04
5.950498157285682987e-04
6.395600788454171293e-04
5.449518505064587792e-04
5.761319244899018588e-04
5.728233980711802675e-04
7.183102816318773232e-04
7.090950932464451517e-04
