4.310634781338865823e-03
2.587893253016265022e-03
2.285825204709816816e-03
1.928619072064333140e-03
1.573924574284065597e-03
1.449219970225221199e-03
1.377683373265770062e-03
1.311882384036733296e-03
1.220100801603618557e-03
1.490100723917427150e-03
1.162333572581185359e-03
1.187675902601974948e-03
1.134465199504015170e-03
1.127681646830486911e-03
8.869076232170813867e-04
1.103861209121249215e-03
1.058270072664853345e-03
9.710452380450422527e-04
1.109137301639286088e-03
1.034148801364244419e-03
1.003210233233225307e-03
8.302057452359394574e-04
8.517108374884001243e-04
9.843579249850867297e-04
9.058555594871654792e-04
8.077704561995947830e-04
8.693196228443771101e-04
7.700891874985286989e-04
9.063484250578547619e-04
8.999042653844400996e-04
9.535195067126751856e-04
1.019145383547106348e-03
8.755032564005185702e-04
8.305433186609791074e-04
8.458109514099948489e-04
9.019310344332530371e-04
7.505677213813614912e-04
8.034600680002189355e-04
6.778301359737885778e-04
7.884019124843669180e-04
6.838326441235172137e-04
7.751131322615394115e-04
6.538773751231380382e-04
7.162646166511618673e-04
8.364300029990029417e-04
7.367878853691764429e-04
7.030209224955959180e-04
6.823703265315117505e-04
6.528948992574959420e-04
7.296671775317287167e-04
6.630258419827277094e-04
6.509261003377134203e-04
6.203551484355793177e-04
6.197020398581269685e-04
7.814434011138710057e-04
6.232408341430815957e-04
9.250775410872998095e-04
7.278647285259912114e-04
5.732746009229731932e-04
6.209118530070383002e-04
6.110711943953794911e-04
5.966059348161030507e-04
7.084066872545327631e-04
6.923187069268164906e-04
7.429775249550643612e-04
7.812526626991486700e-04
6.254877264177741147e-04
7.286216984353013904e-04
7.598207535885262431e-04
5.806472159779821340e-04
7.148611744535772472e-04
6.834872239944028705e-04
6.999839728754446433e-04
6.620847219335479483e-04
6.539709120716129254e-04
6.030923972508601960e-04
5.167202772279853862e-04
5.109582130086616492e-04
6.057749801925520206e-04
7.654993530623356579e-04
5.259183374749336337e-04
6.615585976397359014e-04
5.866778723736601475e-04
5.772158288230785916e-04
5.581438421639224601e-04
4.846817107259267232e-04
6.825228290384260932e-04
5.051180143362740682e-04
5.459466182146099911e-04
6.787714495735709674e-04
6.123171829382975662e-04
5.762982129087629302e-04
6.099422697860186482e-04
5.836972449335710300e-04
6.294022200978612036e-04
6.065749490268175503e-04
5.176289156855473639e-04
6.190415779540742180e-04
6.646562899333269270e-04
4.879585407375867934e-04
7.164467489448114734e-04
5.666138331166595266e-04
6.289289149284879588e-04
5.970494327817085778e-04
5.550500650998227425e-04
5.945418632587878838e-04
5.123319451812435865e-04
5.833406644826129306e-04
7.391740500882447440e-04
5.456232549365114259e-04
5.537185771420753688e-04
6.281643015044573175e-04
7.181591886385764456e-04
6.519712015543056849e-04
6.214964669867054092e-04
6.214082986509480988e-04
7.460044409587779368e-04
5.210242467547782086e-04
5.557387338715642777e-04
5.202922118270579543e-04
5.638111512212620746e-04
6.428767933782456034e-04
4.929811045432525018e-04
6.299794522899998528e-04
6.103624089945393349e-04
4.977875088324097697e-04
6.564074279149338664e-04
5.114664950504922702e-04
5.973262513498042714e-04
5.255652258222588691e-04
5.746187849457323749e-04
6.514472226273049227e-04
6.538694003161218959e-04
5.120374046726147710e-04
6.840211303593829451e-04
6.123323123661157663e-04
5.371344584462131588e-04
5.505329063448041738e-04
6.516067523631569047e-04
6.498231839054194325e-04
6.072543342731315241e-04
6.047850804101369271e-04
6.471518050469478311e-04
5.899621958764394991e-04
5.684752847929658293e-04
5.025282845588646685e-04
5.517506704742457246e-04
5.434832506108003281e-04
5.312381122998498240e-04
5.715426372510795661e-04
4.922906818270456064e-04
5.748116728182227353e-04
6.456334294897177195e-04
5.761940638569357231e-04
5.117692340482621338e-04
5.891665676737781188e-04
4.997218131104069760e-04
5.869859054619674943e-04
6.021423196880051898e-04
6.523222639880296714e-04
6.355012320397868120e-04
5.290851358191912823e-04
6.005788617268401075e-04
5.834854325151572763e-04
6.252153221100696656e-04
6.054194484856958991e-04
5.091670040769102901e-04
5.227165558203926421e-04
5.136698008961042283e-04
4.998223049793304451e-04
4.334380133741780328e-04
6.213791386369682535e-04
5.306066216031676830e-04
5.415346966906424420e-04
5.942867857484761263e-04
5.653224140054757818e-04
5.257047787420900120e-04
6.105033583711019785e-04
5.558184014621582458e-04
5.883662250652198222e-04
4.102400714965544204e-04
5.260777037139341417e-04
5.464069444834004918e-04
5.192862649871926584e-04
3.842936937450205925e-04
4.478393668817456930e-04
5.318930393604995310e-04
6.496166429735932002e-04
4.454382186473808403e-04
6.240736871360036409e-04
5.860622383534949686e-04
6.244619098496120846e-04
5.264311308090206809e-04
4.332988470229920397e-04
4.975640308969957182e-04
4.837791180157882676e-04
5.310131601502510179e-04
4.829910872694020973e-04
5.569640111571828867e-04
4.902254140739942256e-04
3.605359136473994253e-03
2.129105938378030721e-03
1.928316736207014853e-03
1.621971510029004970e-03
1.407008823762649630e-03
1.239226876953977707e-03
1.240395466783734968e-03
1.202183997766861218e-03
1.224909601486537380e-03
1.204702049155390031e-03
1.160506588432544395e-03
8.186547983779490778e-04
9.556339477354361400e-04
1.028898971157009290e-03
7.913063468839229286e-04
9.156907411609002678e-04
9.748307056171370832e-04
9.110853634197828288e-04
7.061228740003200333e-04
8.248597899295634361e-04
8.360617132317504918e-04
9.304932694698224427e-04
8.465946343028107890e-04
7.997157966612641888e-04
9.122392641182919260e-04
7.330396346484670256e-04
7.156047329741656304e-04
7.392111319269763225e-04
8.106200490502132872e-04
8.025781870211537439e-04
7.185489791400115345e-04
7.321218866529893843e-04
7.470073919119447903e-04
6.831335401997727652e-04
7.812757088645587433e-04
6.095966261131791075e-04
8.380277165933383565e-04
6.073357095468696898e-04
6.381164654933671465e-04
5.874692203891411502e-04
7.276995421672399766e-04
7.749920273562305173e-04
6.862801146536590124e-04
6.786761539227838258e-04
6.158755354805540982e-04
8.356701699664750849e-04
7.424872467546791976e-04
6.509369531322167779e-04
6.495314677277090609e-04
6.792695656106101376e-04
7.668642249845161740e-04
6.610058232303130110e-04
5.418260106863637127e-04
7.232543306501353075e-04
6.709215105055454931e-04
6.467449284351285688e-04
6.399881054321397700e-04
8.398260914656077714e-04
5.930889423600080312e-04
7.222806149803848164e-04
5.679546252095879488e-04
7.676782033201566546e-04
5.984596981121990955e-04
7.198297577207038445e-04
6.067985058861649628e-04
7.666148375026077266e-04
6.846314732103370160e-04
5.453155740363473114e-04
6.716738908465989810e-04
6.435317714165583736e-04
6.485125069257968722e-04
7.146656298320230860e-04
6.908516095804860535e-04
6.436516205299142035e-04
6.495460522783977342e-04
6.025522062804086754e-04
5.931674497342831476e-04
5.747834554888191227e-04
6.110571172041195931e-04
5.988284180485012320e-04
7.303560480652789011e-04
6.471861818524229926e-04
6.943041237010040556e-04
6.817116200898629130e-04
5.285355680324441141e-04
6.047070937209471364e-04
6.317499116979402585e-04
6.251439147783866002e-04
6.116203811315466810e-04
6.892193933664761407e-04
8.013885229148608180e-04
7.744846501123933691e-04
6.597476334528618036e-04
6.458131206708087046e-04
5.421571326658936041e-04
5.837086592180434907e-04
8.666098843108788197e-04
7.200558068734992656e-04
5.476884333127443605e-04
4.494032948162002272e-04
6.770300185799556225e-04
7.002762833226046368e-04
5.342626410574681517e-04
5.905804132383743466e-04
5.453871644150419529e-04
7.285179429196153578e-04
6.638432416934056390e-04
6.453343728628976872e-04
5.776719967352031415e-04
4.985218176277936286e-04
6.268069625594632766e-04
5.567528952282879695e-04
6.410704579992397567e-04
6.591927872972927482e-04
6.234445296000867831e-04
6.183167716878497366e-04
6.111854596047988641e-04
6.937212089529881665e-04
5.916322505093163375e-04
5.208089719429057074e-04
6.041325197689850768e-04
5.064217498269296680e-04
6.208258981425206213e-04
7.085079633232897744e-04
7.701970027400618923e-04
8.188034491018840455e-04
6.587673732030563389e-04
6.851989683346812465e-04
6.023616933159524345e-04
6.418602838769230101e-04
5.604738555957528012e-04
5.743910542190533430e-04
6.990983845528465912e-04
6.384500892087294210e-04
4.670691706802100607e-04
6.652212051809006099e-04
5.311192709891998653e-04
7.357314496675843030e-04
6.217765301044439474e-04
5.109318762213307941e-04
5.355900096401661203e-04
5.306960065740023991e-04
7.417392609141842952e-04
6.376545664173206840e-04
7.409161671528344262e-04
6.126774791705077994e-04
6.266313164420625470e-04
7.002658588582920396e-04
5.625782554177366501e-04
5.974446113153099314e-04
6.814884387751317385e-04
7.539850879745430001e-04
5.088150789239118121e-04
5.424033098812772180e-04
5.429611855421838384e-04
6.900364525425882467e-04
5.417463792021029456e-04
6.046861520418653213e-04
5.446691793535921033e-04
5.471278865901915700e-04
5.243900202064749605e-04
7.209009781262432082e-04
5.024509152237593979e-04
6.079489236351133530e-04
7.570212706912299305e-04
7.248442093473056458e-04
5.545002711663978012e-04
6.456524906195970637e-04
6.255043320930152306e-04
5.730368810097953569e-04
5.884669803504771757e-04
6.583466159205408896e-04
5.432969221113512215e-04
6.581101105387759942e-04
5.219079832618975234e-04
6.145615738651043214e-04
4.722743557026426453e-04
5.571026750741392419e-04
5.472307285340968774e-04
6.644613248474630363e-04
6.812375498429570908e-04
5.866109957711786171e-04
6.391444338977488038e-04
4.812430026640661385e-04
4.542240383301442141e-04
5.779873417142353254e-04
5.307373315932353841e-04
5.996199209172894951e-04
6.011676842063405635e-04
5.463272996774209966e-04
7.731764655020227639e-04
6.094619505443363283e-04
5.282045052047365519e-04
6.428334612909661350e-04
5.648199675775816830e-04
6.048419694992118734e-04
5.356254292359710623e-04
4.257719726479813893e-04
4.604391790064971124e-04
5.601848753853042040e-04
5.643648955177861526e-03
4.183482245450956954e-03
3.231157829425877065e-03
2.942804663424902073e-03
2.707773314293560052e-03
2.546680271865938566e-03
2.088505831023403786e-03
1.945444562027606045e-03
1.693002369487349446e-03
2.007888387076661729e-03
1.937389496644955494e-03
1.623747632712509159e-03
1.388257555529820442e-03
1.566594650203870925e-03
1.430786373336073725e-03
1.500368607673580046e-03
1.289905961383928240e-03
1.386494302447700833e-03
1.313956296794385747e-03
1.234546530607141118e-03
1.207052565297715013e-03
1.067272629576492687e-03
1.241155781537342517e-03
1.301584153881082950e-03
1.012660992906748436e-03
1.073847059392851050e-03
8.905192025591424088e-04
1.018642086629308052e-03
1.016271422157256216e-03
9.858285083558827877e-04
9.810710911307418680e-04
9.758871486977710452e-04
9.212222648565387972e-04
8.979698902748453615e-04
1.012216776247423788e-03
7.583163086290409249e-04
9.235814958255365859e-04
9.547569394445891422e-04
8.975724365309842301e-04
8.206083223353741185e-04
8.247331443019395580e-04
8.353427327670685798e-04
6.844608829873199962e-04
7.763418879359294811e-04
8.108839462691516675e-04
8.239675418436516463e-04
8.972009278439344038e-04
7.078404140185047544e-04
9.568098230419604111e-04
7.030005566776714732e-04
6.701269802784418084e-04
6.962693015970557175e-04
6.335416910992937300e-04
7.810468404404816156e-04
7.709940003192902735e-04
6.973165203380607413e-04
6.747300228035456315e-04
8.996023683910357727e-04
7.747138339915596306e-04
7.643593725609187928e-04
7.424130436684168999e-04
7.425682115980401787e-04
7.759435958203456107e-04
6.683456393315120869e-04
6.573201299526730546e-04
8.047571844362402804e-04
7.470226939383164955e-04
6.234947997720077795e-04
6.688971771920092235e-04
6.607367019291418564e-04
6.400738660428846594e-04
6.171398024685421924e-04
7.086281741501207487e-04
6.837185090975417268e-04
7.252371886884191599e-04
7.760215443447376904e-04
6.814164476738257537e-04
4.961603190019453491e-04
7.320329934815336670e-04
8.537887417443164317e-04
7.020668244450377349e-04
6.662236015819965329e-04
7.223545438776214633e-04
6.765417236672260914e-04
7.355299890806320240e-04
6.824409531767904047e-04
7.508863246304779693e-04
6.649726951589961244e-04
7.082752825649032968e-04
8.166341228665330298e-04
7.484259348364101505e-04
7.689941170043110286e-04
5.775159467110366207e-04
7.583929567941960492e-04
6.302254561672618327e-04
6.676074276797880347e-04
7.066114252415982289e-04
6.727626497802161043e-04
5.650896421345412424e-04
7.170872683076381926e-04
7.743538385037197769e-04
6.325512322844575874e-04
8.459179793114356138e-04
5.538987223303974694e-04
6.205048879673498441e-04
6.923752290608660431e-04
8.668019532875326227e-04
6.854076402533840207e-04
7.748881253170462891e-04
6.509417659714064608e-04
7.573337082517998808e-04
6.617597004723654863e-04
7.698920839570751184e-04
7.686860735124818877e-04
7.104852606028000395e-04
6.270987394797963854e-04
7.623069918629293840e-04
6.457900254055494449e-04
5.428171414263542605e-04
6.442708455293225112e-04
5.831662857199021444e-04
5.528554960317483280e-04
7.620654673556777337e-04
5.138294039896337817e-04
6.819879111594345789e-04
6.622925874368405796e-04
7.006391237682658979e-04
7.558885792115395408e-04
6.324743642725019765e-04
8.087791026480072032e-04
5.839626846224493795e-04
5.482023208593853059e-04
6.109904447547769013e-04
7.322187303869728825e-04
7.105723588983411942e-04
6.494504276599831483e-04
7.419203537737499576e-04
6.166785213635450624e-04
5.599675969535956865e-04
5.824189829571647936e-04
7.978301140576828099e-04
7.582752748969204259e-04
6.552541965425193182e-04
6.945251305563934774e-04
6.195099164962303284e-04
5.348333502649890714e-04
7.417701261474216046e-04
6.865208014485979504e-04
7.050117524130990188e-04
6.320346089598340156e-04
6.982037899497424427e-04
6.344920214169276484e-04
6.181395779420138792e-04
6.074243971922639596e-04
5.774330810471989262e-04
6.215720630380235090e-04
7.819469941520232337e-04
6.798524366257684137e-04
7.538464617174514548e-04
6.386031973516503868e-04
5.853140455867461567e-04
5.771574820467445521e-04
6.515867184905162202e-04
6.253134159666523528e-04
5.842834414225492323e-04
8.099220846965043963e-04
7.068922968786160721e-04
5.928166041821308907e-04
7.096946153567484927e-04
6.837620541725285273e-04
7.008647306574224134e-04
6.077027092441789069e-04
6.506083955408019370e-04
5.258268958769768409e-04
6.458838508931960543e-04
6.298343788179519565e-04
5.723398483861441566e-04
6.732389724979498391e-04
6.391128237040709370e-04
5.732459182111286633e-04
7.152731381078331063e-04
6.355928811966927994e-04
6.473581471844666591e-04
7.470663041469725874e-04
6.658042333782462907e-04
6.646016829363748935e-04
6.277057169875206732e-04
5.164889864292046551e-04
6.447814973683727025e-04
7.448768324698762378e-04
5.791057874784712178e-04
5.561404546901814461e-04
5.854435650896328003e-04
6.555873639364426242e-04
6.367741684843997163e-04
6.289331479997599395e-04
6.289189043898607556e-04
7.309998263924227802e-04
6.355587281257520094e-04
6.996146069508484000e-04
5.141163531713972140e-03
3.451435965702059211e-03
3.110372241231791623e-03
2.661911566233618465e-03
2.182029936852944441e-03
1.846674106640879692e-03
1.701162375515347103e-03
1.579981795287451612e-03
1.809676921363925772e-03
1.383700616336164257e-03
1.251267794102728370e-03
1.308917817129738592e-03
1.153955227492009517e-03
1.173586314310689355e-03
1.019774063654908802e-03
1.220002415206963842e-03
1.135119368511773585e-03
1.183376940732325244e-03
1.082945119153487512e-03
1.081708148375035150e-03
1.127206885604151165e-03
1.002358557242070264e-03
8.873115911007013745e-04
9.969023394704318308e-04
9.404968429246596262e-04
8.366947700495577789e-04
9.963524705708763640e-04
9.670513939724935393e-04
8.729821004580112787e-04
1.023166073927009312e-03
8.711898757961453188e-04
8.421353158012609419e-04
9.938176291107818361e-04
9.447244076406999258e-04
8.513908604901206101e-04
8.718863770186824347e-04
7.665481660711070955e-04
8.153482933066953653e-04
7.378203261245719347e-04
9.366875592293488761e-04
8.470523055611155205e-04
8.415498550801286948e-04
8.406845899278543588e-04
8.088937555622045805e-04
9.303325680508796325e-04
8.383685858738311458e-04
8.809531929865575817e-04
8.351438832042146210e-04
7.952371925774720518e-04
8.228609207676686188e-04
7.909824561992268022e-04
8.177342398461504014e-04
8.898071992706341193e-04
7.900809604057881796e-04
8.851053645994033658e-04
7.138346631932086794e-04
8.647436652683103409e-04
7.198341436488661649e-04
6.461990273192580458e-04
7.833529679343829988e-04
6.999586403072938223e-04
7.318257463852957667e-04
7.538548891085766757e-04
7.289420395555738785e-04
7.913268441703293077e-04
8.102343227884278853e-04
7.075421414519181273e-04
7.045944687212347957e-04
8.591297897559690977e-04
6.742331320083796986e-04
6.896714380250738852e-04
7.162082094915311892e-04
9.450417616185431691e-04
7.717404124688957701e-04
7.197609790016712417e-04
7.662502033025236914e-04
6.408247992767471257e-04
9.703888290956558249e-04
7.856567562201689781e-04
7.452662264538639780e-04
8.163158270671350136e-04
7.116778777834856240e-04
7.884308922538087183e-04
7.612996609361322164e-04
7.161706459506561595e-04
7.197248516213478053e-04
7.466352390904408554e-04
7.486623541242166946e-04
6.879285754294098276e-04
6.776523695818034709e-04
5.992911549572779717e-04
6.724652690218921314e-04
7.588327277780609892e-04
6.874818358372676574e-04
7.055205266870284708e-04
6.041902569459828287e-04
8.750737782543330234e-04
6.996659141908431745e-04
7.164370948546938678e-04
7.674175197841352769e-04
7.283777108595991534e-04
7.001865678525134862e-04
5.819780449808457934e-04
5.931658318227214788e-04
6.778561388372933427e-04
6.349514427005584216e-04
5.763370512442897442e-04
7.245015443489571938e-04
6.630336555705149126e-04
7.170762662987648084e-04
6.145595095402786590e-04
5.438116279431678968e-04
7.207232430713472748e-04
7.029768544217079862e-04
8.074199901016397563e-04
6.961763568081869025e-04
6.143092195350294271e-04
5.811030232828195974e-04
6.421331480419671667e-04
6.928012813020301142e-04
6.229409101106524183e-04
6.216908984436088359e-04
6.035559770920587153e-04
7.088806258496900548e-04
6.646698477232870772e-04
8.191212197514209647e-04
6.438143800998885613e-04
7.146082528958937197e-04
5.630384207072798575e-04
7.245411362511097741e-04
6.146659660531371416e-04
5.920877372928914917e-04
6.265788463514186668e-04
7.051037081868861967e-04
6.556098233668448960e-04
6.013426182814377019e-04
5.591450162070847607e-04
5.641682034606444740e-04
6.795964751417152283e-04
7.043290855721570654e-04
6.393323320250457464e-04
6.183873504994712167e-04
7.490096316370223328e-04
6.475797913083267132e-04
4.808988245921970439e-04
5.688808026087337211e-04
6.587330173007215073e-04
5.356334824444600184e-04
5.432514350451680962e-04
5.934362146654478809e-04
5.763896978512143832e-04
6.416553847458129900e-04
6.293299502808484547e-04
5.593796240053079682e-04
6.718995994636454971e-04
6.348093035252987126e-04
6.202212496279266296e-04
5.579196461039000188e-04
6.551795256084652630e-04
6.535258238000718478e-04
6.026512089075536371e-04
7.067671926016226569e-04
5.773735344171103401e-04
5.663262664066213981e-04
5.741718241704246717e-04
5.727245130662493577e-04
6.288795857269796619e-04
6.256590089473955396e-04
5.801019773336787977e-04
6.119633199321641848e-04
5.519913552735830620e-04
5.661265436916890215e-04
5.483712516189918895e-04
5.528769261746238617e-04
7.625622552978710000e-04
6.859803356686657028e-04
6.259838523475572125e-04
6.018401709895482288e-04
5.553134379893964745e-04
5.535824785723696129e-04
5.819788504283114616e-04
6.618750525277071473e-04
6.125563795403195233e-04
6.249915212340820259e-04
5.285296856373869478e-04
5.855766796215369774e-04
5.551140214846220222e-04
5.361819110272052213e-04
5.258608213784404795e-04
6.157338621509203525e-04
5.091340265917405905e-04
7.845722590610962333e-04
5.917014574016513095e-04
5.689907033945319770e-04
5.074199405927307116e-04
6.227230611479291078e-04
6.361053477403656731e-04
6.031848603240096141e-04
5.792493796272502049e-04
5.597860796904552405e-04
4.427402398031288905e-03
2.853461947118361014e-03
2.325360126512132641e-03
2.136935355514013590e-03
1.686723421931452666e-03
1.637390471942785919e-03
1.465020118613158395e-03
1.310330059989098933e-03
1.396722980925541729e-03
1.169685195599075300e-03
1.214708733766070581e-03
1.232911556024039040e-03
1.181513145826526556e-03
1.178126735618935383e-03
1.097106399202553428e-03
1.112782695691195284e-03
1.075887013145402499e-03
1.271777805209373113e-03
1.171788509942098960e-03
9.990430888695764344e-04
9.802504751932165916e-04
1.074894137570989172e-03
7.687556946055773555e-04
1.221610144041405249e-03
9.177280074165773682e-04
8.782052449646318704e-04
8.372270699057333954e-04
8.406344094491410845e-04
9.195971092927392176e-04
8.073116635450294787e-04
8.292165393973677245e-04
1.069415623118845360e-03
9.068835290427373907e-04
9.484268538820436745e-04
8.145181060392921168e-04
7.667444995973458910e-04
8.045906830810509169e-04
7.892527099999137319e-04
7.870252225157248205e-04
7.019795374576497105e-04
8.246781430585256589e-04
9.677745024538747520e-04
7.805001739902631130e-04
8.194500050215519638e-04
6.937507023233660530e-04
8.998741004730970161e-04
7.559906564594889855e-04
7.218802741643694232e-04
8.699054665501394779e-04
7.727565095918681459e-04
6.467176099277313628e-04
6.664746571639901251e-04
9.046172789568714123e-04
6.396802913484905817e-04
6.630491373561496482e-04
7.848634557105216292e-04
6.280293892498775565e-04
8.082966760796818362e-04
8.483820670352401616e-04
8.207661480042968694e-04
6.875355219972817400e-04
6.841479148909784813e-04
6.722741560483067036e-04
7.784000958730094566e-04
7.030127406809742741e-04
7.808657816412573061e-04
8.028853650726142099e-04
8.342149219422792528e-04
6.534718267005509840e-04
7.149606479648386304e-04
7.692736698061836131e-04
7.270727563711068542e-04
6.522761849768569931e-04
6.782099188205534257e-04
7.283242171064602255e-04
6.850413913668806920e-04
8.947130303282278818e-04
6.269305571198965921e-04
6.496042859871486996e-04
6.903376543645166341e-04
7.699957681485576633e-04
7.153870677490785368e-04
5.898229142344314779e-04
6.757742695587057313e-04
7.736293849032668812e-04
8.287380384079112705e-04
6.926944225121023369e-04
8.149835154742622600e-04
7.062598617983001370e-04
5.734320494702148385e-04
7.021126291533313912e-04
7.529770757405788995e-04
5.853994865521426616e-04
7.052762010388256841e-04
8.010982917264694581e-04
6.180530817430779367e-04
7.560308067429619139e-04
7.927923140728793117e-04
6.986996801544645419e-04
8.065166769051640427e-04
7.119388860054344514e-04
6.341631078350881690e-04
7.197921493480238797e-04
6.742336260192813291e-04
6.674385721837025609e-04
6.754156958680354594e-04
5.314292603404331683e-04
6.802527236154480572e-04
5.734754053750429348e-04
7.530534451747408764e-04
5.959650005220029634e-04
6.915505032519704554e-04
6.289045737486072263e-04
6.776333545195564745e-04
6.014776519045576808e-04
6.949812064761598518e-04
5.932502906609363191e-04
6.320795888048215405e-04
7.393789856862398313e-04
6.408612828664068950e-04
6.097721711677966949e-04
5.811375624966939879e-04
6.626323238655418280e-04
7.388268802208317054e-04
6.779296727676097090e-04
6.839618061760602274e-04
6.757105770173431336e-04
7.087607537479556630e-04
7.380166952588237961e-04
5.921022912737036736e-04
7.007991331359590681e-04
6.503436719246767639e-04
5.924873551539366900e-04
6.261972943977268946e-04
6.065896585148999876e-04
6.520455080694445571e-04
6.471670588997363582e-04
6.869088692861083367e-04
5.510122633370431733e-04
6.575638364153466031e-04
6.547233445172717659e-04
5.507574554195447669e-04
6.526646982322678592e-04
6.826453898668462250e-04
5.451664335190953281e-04
5.539700117687569592e-04
6.823356715887733681e-04
5.935240767717502031e-04
7.395077485972539888e-04
8.484960309121311606e-04
6.182786027314271515e-04
5.664561256381837884e-04
6.327162084011385412e-04
5.677504169366159870e-04
5.479377961185583068e-04
6.936075547508378791e-04
5.953456099395404433e-04
6.458700572345987823e-04
6.543785508258057049e-04
5.667907294381047123e-04
6.825201251447823858e-04
6.107601228304629370e-04
5.787374650342257121e-04
5.442127241963370943e-04
6.037108841656091407e-04
6.541168379950307310e-04
5.493980747343432669e-04
7.188533981782353754e-04
7.847028228998506605e-04
5.489490790230103223e-04
6.227357569938453408e-04
6.580143972865180879e-04
5.277096784003509899e-04
5.121639043572379091e-04
6.304292414047417414e-04
6.312510054076563015e-04
5.828562076289102445e-04
5.327253078591075164e-04
5.258262658765222586e-04
6.226317475716280914e-04
5.731832586494053916e-04
6.949298252262002540e-04
7.158090344303869035e-04
5.073482296332164354e-04
5.550757460137875632e-04
5.378488748217710724e-04
6.561664093571867307e-04
5.218132900761916770e-04
5.028792093641487604e-04
5.995356261803280740e-04
5.977379538370138079e-04
5.155997941870410495e-04
5.803925889261915549e-04
5.950498157285682987e-04
6.395600788454171293e-04
5.449518505064587792e-04
5.761319244899018588e-04
5.728233980711802675e-04
7.183102816318773232e-04
7.090950932464451517e-04
5.713424163886329787e-03
4.151802272698051216e-03
3.186065891195962591e-03
2.163846199609732041e-03
2.193021472506034159e-03
2.196383237884642209e-03
1.858689062996521368e-03
1.678445976309742016e-03
1.692413924577442635e-03
1.411470057922224047e-03
1.398876154273961947e-03
1.618746483072273923e-03
1.516506929725339181e-03
1.548004077860435507e-03
1.411522777905016568e-03
1.106840727089747345e-03
1.235298222045280725e-03
1.246997805527304271e-03
1.373146592430457558e-03
1.190949532483883549e-03
1.353865687609024510e-03
1.146644250934969467e-03
1.152002850785247001e-03
8.846792653916836502e-04
1.185005869619115693e-03
1.009784678694666121e-03
9.866782328374242017e-04
1.160224487156608086e-03
9.616301385234615751e-04
8.835621407491112134e-04
9.780308193240577763e-04
8.919511708619792811e-04
1.038331304689721346e-03
1.136200633717197178e-03
1.177890259024007985e-03
9.572966039864683196e-04
8.540046823204104631e-04
8.385923956767959986e-04
9.712980418756199386e-04
8.566266104907890866e-04
9.099140532996471964e-04
1.032957043209568881e-03
9.703834969464995852e-04
7.214924311442251492e-04
7.066700015441428062e-04
9.264523338233486560e-04
8.944573869645242037e-04
7.446693096471550255e-04
9.310076683271863163e-04
1.023878585177408901e-03
9.578177932637980951e-04
8.020332642841854209e-04
8.796448840029148786e-04
8.913049090493799231e-04
9.395362583014266189e-04
1.096245928765469946e-03
9.512321194700967819e-04
8.556444662438933424e-04
9.214963441671469857e-04
7.368264993007841990e-04
7.239356353013169654e-04
7.570189699865059740e-04
8.965960274095116644e-04
8.996152853372255120e-04
7.723184112166207871e-04
9.362570014407010921e-04
9.382951859886398682e-04
7.817818431603701379e-04
8.375541400442165774e-04
7.917059426586145476e-04
8.771914708638681168e-04
7.395905566463800707e-04
6.923928268867708680e-04
8.870360578056672718e-04
9.085006516289656497e-04
6.701526606628996352e-04
8.427007448773490839e-04
7.187721107926696440e-04
8.438495246206600964e-04
8.318860496712779384e-04
8.728827483563197931e-04
7.438099312271038988e-04
7.624640970950863350e-04
7.462354900916144673e-04
9.220213991970836742e-04
8.012224203814422019e-04
8.423061913128554457e-04
8.663740441972843376e-04
7.572318098967058264e-04
8.214708443227101975e-04
9.162016857322194396e-04
8.140473048042391746e-04
8.660778836105179068e-04
7.410350344839791714e-04
7.657692334944871115e-04
7.082373651571619022e-04
7.255834812418329727e-04
7.895978893846730684e-04
7.859184079270636891e-04
7.245575014096158895e-04
7.183143840147482306e-04
7.407966193436962832e-04
8.642776559038764517e-04
8.010858460581991858e-04
7.730748071551642175e-04
9.052882328454033012e-04
6.885449250330008542e-04
7.675727086810142652e-04
7.636354204415447822e-04
8.154737136801988584e-04
8.386638356879874689e-04
7.155227459624546871e-04
6.500000401428937535e-04
8.815464036395839753e-04
7.624305982774325086e-04
7.780830399771662687e-04
8.598721070500262020e-04
9.076228972211726476e-04
6.973661306808945359e-04
7.129964409931313640e-04
7.266445338595071968e-04
6.306811205758489081e-04
6.995847072223601582e-04
8.988529788498469952e-04
7.165815373289877166e-04
7.292277360406995701e-04
7.271914454340840106e-04
7.028766841393890852e-04
7.930186249234666418e-04
8.362120021947576365e-04
8.254156232017223482e-04
6.536858772477997792e-04
7.820517698459011902e-04
7.287801479601181687e-04
9.364773251839923762e-04
8.050235220831876426e-04
8.157000396447205981e-04
7.707403782169566786e-04
8.487282140314592049e-04
8.464435092506161773e-04
7.633398802683565021e-04
8.772606045478574532e-04
6.527816617601517324e-04
6.794605948648099747e-04
7.006172981986365234e-04
6.371034907024092364e-04
7.027206723849085956e-04
6.756115776326392097e-04
7.057719292695684155e-04
5.884827113591603598e-04
7.684703592093292124e-04
7.276434322966741919e-04
6.756234611294230363e-04
7.217362185807756070e-04
7.705434895686896768e-04
9.038371879678229470e-04
6.780668945016200821e-04
6.462726077482751352e-04
6.661447724543127780e-04
8.338110876687440665e-04
7.784500030711960505e-04
6.510608731148462280e-04
8.786151408358838788e-04
6.994692538108519819e-04
5.494856891236042651e-04
6.319837033178822561e-04
7.163380530872398566e-04
7.634243414410026018e-04
7.531781296111275670e-04
8.083648918370996139e-04
5.770686218537109113e-04
7.009208374249356610e-04
7.429545698028512668e-04
5.846801687708520767e-04
7.914696536761821333e-04
7.296122556521775215e-04
7.157120071360212332e-04
8.301399357506789034e-04
9.008299520534557292e-04
6.003289782147668008e-04
6.925276103651734072e-04
6.155403169379840278e-04
7.236162229662251866e-04
8.614485913828497099e-04
7.740728558938529680e-04
6.940677197505087936e-04
6.275786823327911268e-04
7.720016183545841404e-04
5.919611876638170012e-04
6.227279295668609882e-04
6.117438822142752530e-04
6.691325162378539138e-04
7.343195525807422186e-04
7.997950800581257735e-04
8.666078102080206069e-04
6.849729691117308061e-04
6.349702231560651333e-04
5.589155734525529107e-04
5.869603221151098449e-04
5.820733895409088698e-04
7.509528660501720715e-03
4.348046228904899752e-03
3.300154802496603479e-03
2.319071673804181527e-03
2.234924464093970831e-03
1.884755639590143111e-03
1.714158602239911067e-03
1.669282875417475720e-03
1.661414171341107915e-03
1.784745286185572544e-03
1.642182816758017833e-03
1.361808727170635280e-03
1.219534285731252443e-03
1.186916060595274991e-03
1.299354243686545729e-03
1.455600233856282899e-03
1.349032035928836304e-03
1.370878031941337449e-03
1.197870929570007958e-03
1.082513526167141332e-03
1.186514957053894093e-03
1.026588926722592915e-03
1.123588161981131650e-03
1.084917709323656582e-03
1.095211433484972324e-03
9.923103015887883849e-04
9.469133987761585436e-04
1.002396620504924368e-03
1.051155560436715930e-03
1.036299302912383619e-03
1.117696902591322483e-03
1.128879432940831790e-03
9.398404935499239665e-04
9.261221418998821786e-04
8.779236184703886892e-04
9.000185252145374848e-04
8.676492328552054545e-04
9.021095391802992636e-04
9.639870369363805203e-04
7.537367489820132049e-04
7.179517659710518696e-04
9.449302419037367007e-04
9.092198841017251620e-04
9.010896383640012997e-04
8.766482959389233776e-04
7.104301585963701537e-04
8.887028499717578023e-04
9.214516507949702118e-04
8.082698860572487543e-04
7.403077085311252081e-04
7.333488702108426072e-04
7.114454649192296365e-04
7.672595279296264004e-04
8.429742288870653577e-04
1.069295352048801190e-03
7.807865315277127960e-04
9.919625617746188895e-04
6.843512430392897916e-04
9.669271953693450716e-04
9.005062021691413732e-04
8.065249993940010187e-04
6.077276556708532951e-04
8.888557789169075629e-04
7.388150350292818636e-04
7.383224261643221709e-04
7.396996148580116393e-04
7.210030449522064622e-04
7.078984276694365307e-04
6.258701406746149110e-04
6.552095705057540964e-04
6.574621472657457555e-04
7.015696026409570796e-04
7.444578806326401788e-04
8.948388305935195408e-04
7.529704829540954936e-04
6.675273609825782550e-04
5.852972773546620544e-04
7.904331633618172370e-04
6.282295085068972940e-04
8.896325212285963180e-04
7.813556044317937488e-04
7.378711533794976574e-04
6.347096170775286261e-04
7.141376740503295462e-04
7.676692883255981092e-04
7.160765784193397210e-04
6.948509485503323591e-04
7.555412844484840629e-04
6.793968366261143865e-04
6.478186582696103535e-04
7.854999160946916914e-04
7.250640323908964791e-04
6.028276862964643268e-04
7.452169767614182094e-04
7.661564337861151430e-04
7.223509445625671266e-04
7.622426920159616759e-04
8.110147807985218504e-04
7.195501541660855038e-04
7.819962702042201896e-04
7.439785343309641974e-04
6.356412380726719769e-04
7.307257492815098787e-04
6.776689085481214792e-04
6.597630869187298686e-04
6.077350660667439619e-04
7.980455642304686015e-04
6.280574783572301367e-04
6.192412919789370973e-04
7.091880910620323997e-04
7.266878888410877035e-04
7.751316820788223261e-04
6.547884832865669136e-04
7.302936043233169972e-04
7.485689900844638700e-04
7.775540663627553140e-04
6.453098508053187188e-04
5.951708486310776369e-04
6.099583649678587405e-04
6.448770749205821884e-04
5.765726090887143829e-04
6.964887749833469088e-04
6.997438338084763232e-04
5.906989225548074651e-04
8.096746086437220380e-04
6.598360323030287578e-04
6.360792703992770858e-04
6.964821739254903332e-04
5.413160507359363049e-04
7.672821989358376282e-04
7.046870669534660570e-04
5.969781086648459634e-04
6.628251072453780757e-04
6.417556795840322070e-04
6.860929804626443584e-04
5.746394683561507899e-04
6.441888915320014009e-04
5.748834379161807395e-04
5.122706719130343256e-04
6.531330583269684409e-04
6.205272300516262440e-04
6.101060979662523143e-04
5.923498837867025024e-04
6.312222537626123453e-04
6.307850227718000968e-04
6.593513648760693235e-04
7.328121565525896886e-04
7.002711665365438098e-04
5.645993279561438427e-04
7.006314908144239961e-04
6.428289485568942918e-04
7.686753859319217508e-04
6.002632162481272293e-04
7.279703996834439861e-04
6.796096065383033791e-04
5.475779128935147344e-04
6.866365749742392444e-04
7.645262804471010532e-04
5.982472259360160916e-04
6.481072223225407825e-04
7.730887431170001267e-04
7.105439869874441428e-04
6.789313436224957143e-04
5.276667505654565604e-04
6.104051258951290193e-04
5.563973650165518481e-04
5.884540135664556582e-04
5.226493086966307877e-04
6.279195585633425003e-04
7.602131853677446260e-04
7.241547302287952570e-04
6.022193243934020890e-04
6.383646922735533580e-04
5.606334789978011102e-04
6.218231630860659997e-04
5.817288323903511971e-04
6.675822843235784676e-04
6.260325870918875824e-04
6.575899678851193642e-04
6.267090608956180087e-04
6.912014722357702479e-04
5.971629599055214288e-04
5.685292472413054632e-04
6.770090787629259865e-04
8.040287298696456586e-04
7.861188323252596422e-04
4.972675003838133989e-04
5.235926319226806569e-04
6.360930741148157486e-04
6.479593371122097101e-04
4.892036340449629206e-04
6.069242316644185564e-04
7.597029318559475608e-04
6.536903103451646713e-04
5.630550017216469361e-04
5.586591683105490702e-04
6.774158751357492458e-04
5.602600730579554433e-04
6.347173332279382185e-04
5.294220984076863923e-04
8.467387018260018328e-03
5.241946040271238533e-03
3.651742573417018217e-03
3.245625350699582468e-03
3.150390680147746592e-03
2.646397876626075535e-03
2.303670110693108175e-03
2.128836426412161059e-03
2.033059713067667668e-03
1.975430288982928106e-03
2.024585020746969000e-03
1.741230831084218666e-03
2.014615403567253382e-03
1.810536990019716991e-03
2.093519381653759226e-03
1.806772534131639851e-03
1.396406431546846211e-03
1.675137274535359877e-03
1.601722511002243859e-03
1.537501466907162384e-03
1.681165792512748225e-03
1.484814013952576173e-03
1.295492840858728650e-03
1.340734697016437299e-03
1.602162821257992892e-03
1.404521411400270342e-03
1.240259186231152527e-03
1.609361649406060302e-03
1.083599283033594152e-03
1.330626576660956517e-03
1.223935292975091016e-03
1.290859827917611308e-03
1.141440715417798429e-03
1.224883163506912398e-03
1.131343093925877424e-03
1.035265279151216522e-03
1.128393510609837502e-03
1.360492020964752108e-03
9.687322561675835997e-04
1.222975203663937555e-03
9.221170006719695000e-04
1.173575672871081388e-03
1.055690167512612909e-03
9.236963486974059112e-04
1.151936630491526281e-03
9.973542913461856674e-04
1.161791140721527005e-03
1.139127880546157018e-03
1.202230879724694446e-03
1.033861811388699786e-03
1.003045852924107362e-03
1.095923368986711360e-03
9.657557391755597354e-04
9.683069539809137372e-04
1.054339246174061662e-03
1.089147712046382305e-03
9.105962264635836245e-04
9.154876374692852425e-04
9.487199946537558382e-04
1.030872412882008482e-03
9.560442880021113865e-04
1.036748436295784753e-03
8.479941094701910764e-04
8.635966838968327230e-04
8.678731154917219970e-04
9.438127332806363345e-04
8.943399851877795181e-04
8.911715571236732136e-04
1.031098772380271977e-03
9.663567698662556271e-04
9.809190972607066683e-04
9.621713658101056776e-04
9.135383567238017366e-04
9.033610640295682004e-04
9.683257334033197605e-04
7.157442414718745427e-04
9.027442122120955814e-04
8.651980257506283745e-04
9.932010222064753535e-04
8.177977931518691512e-04
1.003125295169212533e-03
6.672392313549040110e-04
8.988595474319419076e-04
9.469065917968935708e-04
9.303794865782692713e-04
1.058223236537696177e-03
7.924137024271048213e-04
9.909630516356411623e-04
1.063527056235538670e-03
8.724477410947603651e-04
7.149162149966692414e-04
7.774206571254244080e-04
7.031723990111801714e-04
8.296419903874585611e-04
7.124878021034751485e-04
7.084287125118486628e-04
6.860967012401499032e-04
8.395973549681703951e-04
8.394813367929854220e-04
8.775001778321203649e-04
9.624007456420155537e-04
7.633228217313048347e-04
7.879001818088017528e-04
8.977898236448358937e-04
8.352912045465309132e-04
8.603693649038464397e-04
6.846536050012161367e-04
7.854553394442062575e-04
7.581059640046905468e-04
7.415224476171669576e-04
6.641802613094362207e-04
7.862384066987457287e-04
7.389740280814190154e-04
6.555803487807813912e-04
6.563053700951726466e-04
7.642920404025421721e-04
6.776285216551908297e-04
7.556901851400420200e-04
9.187475905078068550e-04
6.273042783417649704e-04
7.796223283277024796e-04
6.837562903996841079e-04
7.710736458366521107e-04
6.958635781045621749e-04
6.889537519183218384e-04
6.984359846387878934e-04
7.045843245034807967e-04
7.321371003205928707e-04
9.215978792028595157e-04
6.572792638377920882e-04
6.733761040053666547e-04
7.771603565211344933e-04
6.067906559107036357e-04
6.154668270985964862e-04
6.525162182242777442e-04
7.946917216859993027e-04
5.927257771821993482e-04
7.393005725972769115e-04
6.276648489579803036e-04
5.780391191761019565e-04
7.724853062748004984e-04
8.953035900472056108e-04
5.424083076784151636e-04
7.408948541779147856e-04
6.235304584157851104e-04
6.028086674899520159e-04
7.649585159233904252e-04
8.483498733686742344e-04
8.080764626985231791e-04
7.462345895894520464e-04
5.708859703881415115e-04
5.849120500156998470e-04
5.782482148282107326e-04
6.535170753079223849e-04
6.002470274993204624e-04
6.787224395111389474e-04
7.280750572799185583e-04
7.239957881250390359e-04
6.907985832920009173e-04
6.066807497056743437e-04
5.551472119064357336e-04
6.241067736040689651e-04
6.034751287170778133e-04
6.010855521644195565e-04
6.983969452773707010e-04
6.804295098457972812e-04
7.999200817793913898e-04
5.713762377364886569e-04
7.408823806462384864e-04
7.448782757129707166e-04
6.098288883117607140e-04
7.350580589594139791e-04
8.032331961082030125e-04
6.698647556911511980e-04
6.409808460575497358e-04
6.578480896198418693e-04
6.891620725606624476e-04
6.879973071069918344e-04
5.357102268295360625e-04
7.109407613426453609e-04
7.203351978644911835e-04
6.855240052803766859e-04
7.039665084280534446e-04
6.499804346599032112e-04
6.437711821306313364e-04
7.582708991326764236e-04
6.440612438373266579e-04
6.178861039820571222e-04
5.466114873117038087e-04
6.031885071925494057e-04
6.412030981965549659e-04
6.758103917876602529e-04
6.218106766033848487e-04
8.060780851506937905e-04
6.076823085726275331e-04
6.085922852324364418e-04
6.436894807231099969e-04
7.757133769063402629e-04
5.679741747346284120e-04
7.332527204460155545e-04
7.815825142801241521e-03
4.550107689723189436e-03
3.404741319835612179e-03
2.990548745632884420e-03
2.357310275364184193e-03
2.155118414411967553e-03
1.809400450072672778e-03
1.940237722317154911e-03
1.648681843800483410e-03
1.577857375407824836e-03
1.594494970296404107e-03
1.483166300648201819e-03
1.320668027832323788e-03
1.328202481840092680e-03
1.075580688320594558e-03
1.242578944678614239e-03
9.425043655338742610e-04
9.908323668470428447e-04
8.988565194737244135e-04
8.213541599300933083e-04
1.048324878325221365e-03
9.781160048595062551e-04
8.991280387558794884e-04
1.086509008445493696e-03
9.508219599191868043e-04
9.689258140433074096e-04
1.159149754673967359e-03
8.062705091986394068e-04
7.898190062433918524e-04
8.224151359303329134e-04
8.487438130388783031e-04
7.992495697482573935e-04
9.191653604118145415e-04
1.016474703834677890e-03
8.276112968409535253e-04
8.005199955085778862e-04
9.636547406703700747e-04
9.660505444923014884e-04
6.884021006103718809e-04
7.341874451897850706e-04
8.622560134205897731e-04
7.376078556661884444e-04
6.277323414699553794e-04
7.689232825390940329e-04
7.361194135658312432e-04
8.191907552783650459e-04
7.462175048388100529e-04
7.812199141712036776e-04
9.505637723227350344e-04
6.897985645462206827e-04
5.928422646101147442e-04
7.226623918827265736e-04
7.435491399398266865e-04
6.769568768702355355e-04
7.478193401591649858e-04
7.505015719360026705e-04
7.135687958988411184e-04
7.064466648775448443e-04
7.238462164390960241e-04
6.740277723754489747e-04
7.448484602725312376e-04
6.654930744978033996e-04
7.808947068106558698e-04
6.489813236276106845e-04
6.826940315669202675e-04
6.798757611700435854e-04
8.245810873776550365e-04
7.575021603415596494e-04
6.267889506876914152e-04
5.662230959944287989e-04
6.767152126122381872e-04
7.514902418129139339e-04
7.148801552500742840e-04
5.948382062114163094e-04
7.583149895464928736e-04
8.789692219234659931e-04
7.636649790989345765e-04
6.116465429327061498e-04
5.714330931669009406e-04
6.530681311631841846e-04
5.477117125586225543e-04
6.025344808475753544e-04
6.398464639968265422e-04
5.465988823776211925e-04
5.917902498232679998e-04
5.934216687352826536e-04
6.784580147632113256e-04
6.036756311471845604e-04
6.794485403244822364e-04
5.890762874667665461e-04
5.632033638526753871e-04
6.686897628109707281e-04
6.700651906303284333e-04
6.485216273620919569e-04
6.572844613338853226e-04
6.743766662134116630e-04
5.779178031140065619e-04
6.413948799090414543e-04
6.655719502381245156e-04
6.628124705486126977e-04
6.893468755604058307e-04
7.549373904281071745e-04
6.487274118400776501e-04
6.645223050318962987e-04
6.157197461594023091e-04
6.645539925359059130e-04
7.885053746367297334e-04
6.397266903970487417e-04
6.863441715305070023e-04
6.130926136294345685e-04
6.758958066064406356e-04
5.744235953995396882e-04
7.449978634005288702e-04
9.536936601458566309e-04
6.950757569826396254e-04
6.620343300494935246e-04
6.205226477760394932e-04
7.058582895370438259e-04
5.667401407771950617e-04
6.292938341612777653e-04
6.221441039708508480e-04
5.925158422320636609e-04
6.130933792310062913e-04
6.341746567892422859e-04
6.712858912543036294e-04
7.920132988215936032e-04
6.534483525714035457e-04
8.014853194901888633e-04
6.614453959900741531e-04
6.973281510386820925e-04
6.846804220333319035e-04
5.409601755695207792e-04
6.537684557857831313e-04
6.348662560467302485e-04
6.739724533754050395e-04
6.314311410767006749e-04
6.484863507908583680e-04
7.107580750055561558e-04
5.751880636644321476e-04
6.154205712438562403e-04
5.955723573645571589e-04
6.024070181517154898e-04
6.116709504100266426e-04
6.630733462932580924e-04
5.164815151814834693e-04
6.333074882761205449e-04
6.137193221761073902e-04
5.895901455168287009e-04
6.636607563642801799e-04
7.947819451882658093e-04
5.829204235378478149e-04
5.797473187159132846e-04
5.623928639205619251e-04
5.878217135358021483e-04
6.431267243363104902e-04
6.426917617338226418e-04
6.830913005008050487e-04
6.865884254760520888e-04
6.291091758739847384e-04
4.511592397093353024e-04
6.009479136384332509e-04
6.772380456639345847e-04
6.757879815285292024e-04
5.177927679064463218e-04
5.769343812543695216e-04
6.445277629245869944e-04
5.271929280714349186e-04
5.119095602268454448e-04
6.609955711098132458e-04
6.125358780376330414e-04
6.594357419708977985e-04
6.946739105471444464e-04
4.418220941699614601e-04
5.892161644801517661e-04
5.713238167698239667e-04
6.548027732174409310e-04
6.445272244021554853e-04
6.288917542385877302e-04
5.936241072248202300e-04
5.381185945071489951e-04
6.577920684860856515e-04
6.296824855041432967e-04
4.656214796074954754e-04
5.597907116749178957e-04
7.707380937592780978e-04
5.403609247059786014e-04
6.200261366100731641e-04
6.654682336281747546e-04
6.006669270886555445e-04
6.639048299034860934e-04
6.011890363535991877e-04
6.104071732369979741e-04
6.085702874386936245e-04
6.340890795019094028e-04
6.127504915627371429e-04
6.522359785861644998e-04
6.580510852209238426e-04
5.487830681149587220e-04
6.625466294021518932e-04
6.948087324045830460e-04
4.524509757405873606e-03
2.802560511886063865e-03
2.527359981553227442e-03
1.831907726569086819e-03
1.778544038382859349e-03
1.787730167441162893e-03
1.456055254047416286e-03
1.420903022332713206e-03
1.536239821686095908e-03
1.433494457945723444e-03
1.282320580203163279e-03
1.139341894425726504e-03
1.148734240661666156e-03
1.052007264640317241e-03
1.120947619220886982e-03
1.043576011872309611e-03
1.067932373537434226e-03
1.070788723565887363e-03
1.116988779716939634e-03
9.374768306859154743e-04
9.278054571539226525e-04
9.469167137097812825e-04
8.907659999871017642e-04
8.267885736382533934e-04
9.354652833033286208e-04
7.876177391068772682e-04
9.465119757694588631e-04
1.025824898586893963e-03
9.533369032346458716e-04
7.601902697498275074e-04
7.726602110021373038e-04
7.708004219327407869e-04
8.772773577124491629e-04
8.593476960210288951e-04
8.708608155626185177e-04
9.095112122869050686e-04
1.007365769853128812e-03
9.731919800013456856e-04
8.476565036951710930e-04
8.811843436663142903e-04
8.759878111344980567e-04
9.698505914561353358e-04
8.477465779936979584e-04
9.311760715646835718e-04
7.320031130013913978e-04
7.286542204195285699e-04
7.105679761880978607e-04
9.471403360126022519e-04
8.212342872958577900e-04
8.244361446405092109e-04
8.984546198305756737e-04
9.390068366411374878e-04
6.999272920656593455e-04
8.404704064790685658e-04
6.017460712883886120e-04
9.199496040141544317e-04
6.999971538850201236e-04
8.067863501593532105e-04
8.800573928767693732e-04
8.258395818368791108e-04
9.024148808556772816e-04
6.101143191411910471e-04
8.923343175772750768e-04
8.479218893514238464e-04
7.902788375474568972e-04
7.543036307173615895e-04
7.591181930140279699e-04
7.740809732303330359e-04
7.989260640039186345e-04
6.902522320019720270e-04
8.616506923484791580e-04
7.797737148648731242e-04
7.788806507661207024e-04
7.264150304402625102e-04
8.705913982006985297e-04
9.216382104532822028e-04
7.243485268316161851e-04
8.214627946717886764e-04
7.203246727838716335e-04
7.880844022492700107e-04
7.761288851563970248e-04
9.297536369493666908e-04
5.637979981557364462e-04
7.960231432341813296e-04
7.870651153355293084e-04
7.109919816776742729e-04
8.965905559428707927e-04
7.913644280245421547e-04
9.744832036365294603e-04
8.789138693104242561e-04
7.390450224290176506e-04
7.873837656235324611e-04
6.946151712440146175e-04
8.349862929421421331e-04
7.606506136147717090e-04
7.470374507844990131e-04
7.849711214293134121e-04
7.570622226438193658e-04
7.687068973668761962e-04
8.227538320336492961e-04
6.979277104500469786e-04
8.254912295610136730e-04
7.020184973519812133e-04
7.263297045058333956e-04
6.877503053173972258e-04
5.850994505432541293e-04
6.432136178697728246e-04
6.901057261731735615e-04
6.759094685221157806e-04
7.361638973568743194e-04
7.941854161560152336e-04
7.918045029301733206e-04
6.560154447178175030e-04
6.229448955191313475e-04
6.342673364123120605e-04
8.521252827179172373e-04
7.047245628917474247e-04
6.636464078156462110e-04
5.412576935595880823e-04
7.450805266401988591e-04
5.512128847766882556e-04
5.414889065367099741e-04
6.926725568167195479e-04
5.714152305279912580e-04
5.212569531014704660e-04
6.859580950632250540e-04
5.466507957697062936e-04
6.343021308012272708e-04
6.832177488828097833e-04
5.552692723363658600e-04
5.792352090770308548e-04
7.026280443183131885e-04
7.061264987004503557e-04
7.291587299878103667e-04
7.748166088442434707e-04
7.812786741218970266e-04
6.669184015900900264e-04
7.341804990358725969e-04
7.191135089170339056e-04
5.597306906940102689e-04
6.543837990866975540e-04
6.896889180114662565e-04
5.146668665847071999e-04
5.958676071845525613e-04
5.170036497566567191e-04
4.673350932323863671e-04
5.532631132401308327e-04
5.939689607378055569e-04
5.957118812851824874e-04
6.170898332389096463e-04
6.299493890555320219e-04
6.420822847201211603e-04
5.346427733929105808e-04
6.298303641825916954e-04
6.536584035498269052e-04
4.353998387636726086e-04
6.103208634964593648e-04
6.439411054223950770e-04
4.065799777689324546e-04
6.289465270211819226e-04
6.166899328830001414e-04
5.297535008929390998e-04
6.134373769966366963e-04
5.669811926460079088e-04
5.824166724319769506e-04
6.624214623026161708e-04
5.079862331991945312e-04
5.184505887837996541e-04
6.651569217285789593e-04
4.727813775125752627e-04
6.370797878742021081e-04
5.917325468475960470e-04
6.213379703232727036e-04
5.177498208171621430e-04
5.472475854366998238e-04
5.549416364247702904e-04
6.851712261226987344e-04
5.029471160289678000e-04
6.506052036713630415e-04
5.878044716028617278e-04
5.200858859150808700e-04
6.382763931761931131e-04
5.346382459113577235e-04
7.308127203768943758e-04
5.249416584990514167e-04
4.684404018238559619e-04
4.689294814153935342e-04
5.577087759137920597e-04
5.484310585454552078e-04
4.159978399059620358e-04
5.581974092484093264e-04
4.393422099153616867e-04
4.406920793727717167e-04
4.410181712160496370e-04
5.494003007819048268e-04
4.343064911856223120e-04
4.739717001895731030e-04
5.922607475226972229e-04
6.105625745336656918e-04
5.043678037484622401e-04
