4.310634781338865823e-03
2.587893253016265022e-03
2.285825204709816816e-03
1.928619072064333140e-03
1.573924574284065597e-03
1.449219970225221199e-03
1.377683373265770062e-03
1.311882384036733296e-03
1.220100801603618557e-03
1.490100723917427150e-03
1.162333572581185359e-03
1.187675902601974948e-03
1.134465199504015170e-03
1.127681646830486911e-03
8.869076232170813867e-04
1.103861209121249215e-03
1.058270072664853345e-03
9.710452380450422527e-04
1.109137301639286088e-03
1.034148801364244419e-03
1.003210233233225307e-03
8.302057452359394574e-04
8.517108374884001243e-04
9.843579249850867297e-04
9.058555594871654792e-04
8.077704561995947830e-04
8.693196228443771101e-04
7.700891874985286989e-04
9.063484250578547619e-04
8.999042653844400996e-04
9.535195067126751856e-04
1.019145383547106348e-03
8.755032564005185702e-04
8.305433186609791074e-04
8.458109514099948489e-04
9.019310344332530371e-04
7.505677213813614912e-04
8.034600680002189355e-04
6.778301359737885778e-04
7.884019124843669180e-04
6.838326441235172137e-04
7.751131322615394115e-04
6.538773751231380382e-04
7.162646166511618673e-04
8.364300029990029417e-04
7.367878853691764429e-04
7.030209224955959180e-04
6.823703265315117505e-04
6.528948992574959420e-04
7.296671775317287167e-04
6.630258419827277094e-04
6.509261003377134203e-04
6.203551484355793177e-04
6.197020398581269685e-04
7.814434011138710057e-04
6.232408341430815957e-04
9.250775410872998095e-04
7.278647285259912114e-04
5.732746009229731932e-04
6.209118530070383002e-04
6.110711943953794911e-04
5.966059348161030507e-04
7.084066872545327631e-04
6.923187069268164906e-04
7.429775249550643612e-04
7.812526626991486700e-04
6.254877264177741147e-04
7.286216984353013904e-04
7.598207535885262431e-04
5.806472159779821340e-04
7.148611744535772472e-04
6.834872239944028705e-04
6.999839728754446433e-04
6.620847219335479483e-04
6.539709120716129254e-04
6.030923972508601960e-04
5.167202772279853862e-04
5.109582130086616492e-04
6.057749801925520206e-04
7.654993530623356579e-04
5.259183374749336337e-04
6.615585976397359014e-04
5.866778723736601475e-04
5.772158288230785916e-04
5.581438421639224601e-04
4.846817107259267232e-04
6.825228290384260932e-04
5.051180143362740682e-04
5.459466182146099911e-04
6.787714495735709674e-04
6.123171829382975662e-04
5.762982129087629302e-04
6.099422697860186482e-04
5.836972449335710300e-04
6.294022200978612036e-04
6.065749490268175503e-04
5.176289156855473639e-04
6.190415779540742180e-04
6.646562899333269270e-04
4.879585407375867934e-04
7.164467489448114734e-04
5.666138331166595266e-04
6.289289149284879588e-04
5.970494327817085778e-04
5.550500650998227425e-04
5.945418632587878838e-04
5.123319451812435865e-04
5.833406644826129306e-04
7.391740500882447440e-04
5.456232549365114259e-04
5.537185771420753688e-04
6.281643015044573175e-04
7.181591886385764456e-04
6.519712015543056849e-04
6.214964669867054092e-04
6.214082986509480988e-04
7.460044409587779368e-04
5.210242467547782086e-04
5.557387338715642777e-04
5.202922118270579543e-04
5.638111512212620746e-04
6.428767933782456034e-04
4.929811045432525018e-04
6.299794522899998528e-04
6.103624089945393349e-04
4.977875088324097697e-04
6.564074279149338664e-04
5.114664950504922702e-04
5.973262513498042714e-04
5.255652258222588691e-04
5.746187849457323749e-04
6.514472226273049227e-04
6.538694003161218959e-04
5.120374046726147710e-04
6.840211303593829451e-04
6.123323123661157663e-04
5.371344584462131588e-04
5.505329063448041738e-04
6.516067523631569047e-04
6.498231839054194325e-04
6.072543342731315241e-04
6.047850804101369271e-04
6.471518050469478311e-04
5.899621958764394991e-04
5.684752847929658293e-04
5.025282845588646685e-04
5.517506704742457246e-04
5.434832506108003281e-04
5.312381122998498240e-04
5.715426372510795661e-04
4.922906818270456064e-04
5.748116728182227353e-04
6.456334294897177195e-04
5.761940638569357231e-04
5.117692340482621338e-04
5.891665676737781188e-04
4.997218131104069760e-04
5.869859054619674943e-04
6.021423196880051898e-04
6.523222639880296714e-04
6.355012320397868120e-04
5.290851358191912823e-04
6.005788617268401075e-04
5.834854325151572763e-04
6.252153221100696656e-04
6.054194484856958991e-04
5.091670040769102901e-04
5.227165558203926421e-04
5.136698008961042283e-04
4.998223049793304451e-04
4.334380133741780328e-04
6.213791386369682535e-04
5.306066216031676830e-04
5.415346966906424420e-04
5.942867857484761263e-04
5.653224140054757818e-04
5.257047787420900120e-04
6.105033583711019785e-04
5.558184014621582458e-04
5.883662250652198222e-04
4.102400714965544204e-04
5.260777037139341417e-04
5.464069444834004918e-04
5.192862649871926584e-04
3.842936937450205925e-04
4.478393668817456930e-04
5.318930393604995310e-04
6.496166429735932002e-04
4.454382186473808403e-04
6.240736871360036409e-04
5.860622383534949686e-04
6.244619098496120846e-04
5.264311308090206809e-04
4.332988470229920397e-04
4.975640308969957182e-04
4.837791180157882676e-04
5.310131601502510179e-04
4.829910872694020973e-04
5.569640111571828867e-04
4.902254140739942256e-04
