1.112287654644242285e-02
8.530538495888723149e-03
7.636561611649054365e-03
6.383845938174904922e-03
5.827434045850194561e-03
6.015749958239936107e-03
5.251227479582003255e-03
5.003942395549014488e-03
5.044853758326087872e-03
4.595287222508327718e-03
4.916572248499249953e-03
4.417947693224448524e-03
4.158447826357904858e-03
4.656057883112560414e-03
4.311770307179600692e-03
3.982599189205304063e-03
3.982703087372307937e-03
4.013978101807251508e-03
4.446686220759055175e-03
3.635258274917237131e-03
4.101885146554039296e-03
3.850441766703897872e-03
3.683649887621313901e-03
3.510678732957510373e-03
3.801803784119175272e-03
3.623563266618282791e-03
3.789395165840547114e-03
3.743528940475190220e-03
3.974381740931634543e-03
3.521939945352135087e-03
3.401466790120280526e-03
3.243409413098436583e-03
3.255246486180678883e-03
3.205085826956551726e-03
3.393559703398794924e-03
3.046288271970683248e-03
2.847047566772252514e-03
2.928441990642519782e-03
3.165199833427473353e-03
3.075487336463091775e-03
3.243696716955589421e-03
3.109412203673979358e-03
2.789003450448114541e-03
2.760977303453142351e-03
2.804837862194424492e-03
2.732098623128030590e-03
2.630903361370312554e-03
2.642245118227679046e-03
2.689364661949345675e-03
2.739428124333868203e-03
2.604996222723150734e-03
2.648094865441662921e-03
2.600992804392146529e-03
2.776267542320479120e-03
2.518680224481185947e-03
2.208338961856303601e-03
2.407955056127654425e-03
2.290828346656677283e-03
2.522853425098406377e-03
2.198267401352246853e-03
2.410258867944100464e-03
2.281760238115236594e-03
2.088369024192539974e-03
1.961937621593502767e-03
2.158261853055960799e-03
1.998693530002430135e-03
1.955451800369573112e-03
2.192364501539090238e-03
1.938233716846322896e-03
2.204157179829607793e-03
2.444801867087575270e-03
2.052784618694715457e-03
2.134760476519344252e-03
1.978400363236675064e-03
2.057067383011756956e-03
2.107650437446064590e-03
2.123125590165659410e-03
1.965159277887176120e-03
2.059597976498642180e-03
2.375404958713064896e-03
1.924746236489225520e-03
2.348320777968211648e-03
2.226574094378618029e-03
2.114109743972719668e-03
2.044320532522410361e-03
1.868529675782902577e-03
1.985927063850818908e-03
1.788934993545567703e-03
2.190950715604558785e-03
1.982211685645617755e-03
2.077006734224992601e-03
2.272360914131625609e-03
1.991767873900152086e-03
2.052671291919477142e-03
2.358461653464229840e-03
2.098936203907005027e-03
1.938130555998691246e-03
2.031561717598377725e-03
2.078892297227935559e-03
1.984090982379321105e-03
1.749000215172387407e-03
2.011840516781774474e-03
1.977762788777367303e-03
2.216400531112498046e-03
2.133232020595725309e-03
1.982932690514017243e-03
2.268237264861278080e-03
2.220210679750572041e-03
1.993028912132703556e-03
1.995163957522427117e-03
1.879433813800412273e-03
2.554473676036710800e-03
2.267215323616338096e-03
2.028168670323828027e-03
1.843536387144573130e-03
2.327813949947989819e-03
2.013639270477429744e-03
1.869200219303573246e-03
2.074566633223272338e-03
1.993228222524991156e-03
1.925457123288874112e-03
2.111329103431605625e-03
1.811712167698431575e-03
2.187513279509393366e-03
1.850521038112170474e-03
1.884223130055352746e-03
1.874460329682067772e-03
2.017532030371874119e-03
2.035037202847030796e-03
1.985009614942488676e-03
1.925608032128760250e-03
2.301151079249209169e-03
1.904081622174268879e-03
2.107729846523798134e-03
1.835828872910543613e-03
1.924464421141774961e-03
1.829872385580480487e-03
1.965160852364956912e-03
1.835495550776753554e-03
2.106976988380911825e-03
1.935723159861742204e-03
2.067242227077097094e-03
1.916520538422152031e-03
2.137111962019138528e-03
1.854378120792476992e-03
2.147955666880980996e-03
1.822347361243106811e-03
1.828290889345222242e-03
1.909736696163531755e-03
1.931643069681091007e-03
1.751532975906647249e-03
1.748008967698111427e-03
2.289761085338501423e-03
2.097212303584360116e-03
2.069881600437663977e-03
1.848888246993814211e-03
1.763445634682111324e-03
1.993249681932630912e-03
1.818119423193348405e-03
1.961565844352242821e-03
2.131950458614931265e-03
2.094600903040505502e-03
1.957739965697577467e-03
2.013000404740498961e-03
1.908739131717671067e-03
1.867841433592719314e-03
2.039169707698074152e-03
2.020562336464280101e-03
1.671156791707911066e-03
2.074890014726202270e-03
1.820993346562899823e-03
1.842927720206812003e-03
1.898293749929790691e-03
1.969724193676844481e-03
1.968565591803833614e-03
1.974320169024781912e-03
1.948853207203792709e-03
1.922512655382117852e-03
1.980122516170156055e-03
1.709918262152804180e-03
1.951538258169276813e-03
1.782002870484938883e-03
2.111034344910313332e-03
1.941736544235114770e-03
1.813976266656310010e-03
1.924214887120821726e-03
1.948301545558341064e-03
2.227145940325483964e-03
1.803127305249719453e-03
1.631747543892080043e-03
2.059226116351328684e-03
2.120290364090941793e-03
1.919154866404877702e-03
1.901892561880287602e-03
1.741717774081549125e-03
1.878535367728792482e-03
1.914232009849956007e-03
1.930241938222301140e-03
1.984582295779101224e-03
1.757384658628381724e-03
1.279442081066063663e-02
9.154271746889285077e-03
6.029586586724998420e-03
4.345562630365062962e-03
4.056855168647788279e-03
3.619678074049517691e-03
3.660203613990019311e-03
3.197570151983065295e-03
2.816690047697786858e-03
3.062152455630760828e-03
2.601120909784024327e-03
1.939932235183097070e-03
2.566874402134187300e-03
2.094481117485703925e-03
2.572786456857961701e-03
2.603006609159526363e-03
1.995447324244926934e-03
2.011168710027707446e-03
2.136629121589045388e-03
1.847194303900935586e-03
2.122715109068674944e-03
1.594740949966706733e-03
1.848436054754494517e-03
1.879126800642637318e-03
1.717356884422323315e-03
1.634014882967535498e-03
1.770325740519378133e-03
1.908951547570623269e-03
1.454955995282381648e-03
2.011646613843731668e-03
1.677597113291746933e-03
1.795034635702959930e-03
1.708722389754183113e-03
1.591485059563642335e-03
1.675274822785403211e-03
1.619516357882010149e-03
1.835614832409630109e-03
1.769711412648325433e-03
1.697298106715160876e-03
1.678384165904163450e-03
1.667643211594006109e-03
1.765716466082069280e-03
1.769170652593743398e-03
1.752488822726373102e-03
1.553260104299972189e-03
1.612918398522140279e-03
1.675618907105935751e-03
1.716219357876056645e-03
1.583451488736987989e-03
1.526104467962224875e-03
1.695024040856918379e-03
1.751222106111685606e-03
1.569189074484632351e-03
1.438082020668692701e-03
1.667410511176820737e-03
1.609927146926197483e-03
1.445980554014510838e-03
1.581558404951069474e-03
1.679436108150217377e-03
1.554659448988769677e-03
1.353133388728181008e-03
1.495884417614577744e-03
1.345034334956148048e-03
1.320773732508551124e-03
1.364883737671740427e-03
1.339918746413731876e-03
1.357145328520395489e-03
1.348952674118136796e-03
1.263205042138108858e-03
1.461108633694307990e-03
1.426174310485184976e-03
1.377939922833231606e-03
1.412137389909730312e-03
1.160155659095815639e-03
1.294340583692155100e-03
1.265380231450577431e-03
1.419740165232621920e-03
1.143997810342259336e-03
1.225521689368985756e-03
1.190493128868416739e-03
1.161974962331231709e-03
1.309665181545370538e-03
1.251608369569133516e-03
9.241339282615897155e-04
1.235461613013535964e-03
1.339501195520592658e-03
1.047328052015392141e-03
1.317724671716688500e-03
1.061967290575047129e-03
1.230131668323607153e-03
1.353023870479690138e-03
1.151817787966778056e-03
9.285579326333212591e-04
1.084708966528104279e-03
1.088882219496947745e-03
1.191787890206127271e-03
1.192286639368309031e-03
1.312484169187791427e-03
1.087226801108509555e-03
1.303255894358409939e-03
1.070064373319544460e-03
1.059415880758852319e-03
1.400063816205995154e-03
1.060972314706538910e-03
1.065073329383339762e-03
1.162566159795635351e-03
9.431831612194616077e-04
1.163717914687077692e-03
1.086237573472009776e-03
1.024231898202748736e-03
1.316042853039444543e-03
9.731342629576214542e-04
1.267486400975979810e-03
9.451139964134977478e-04
1.159801426528321577e-03
1.309313922093206795e-03
1.259700928873494497e-03
1.239508568803594779e-03
1.083649303197535552e-03
1.053605145426989020e-03
1.205981057840182363e-03
1.062452738137494024e-03
9.099286207450082986e-04
1.042281905009326964e-03
1.038157510058687616e-03
9.999918543748126387e-04
1.116935219851539207e-03
1.183926017250348794e-03
9.915796658618129811e-04
1.028451834974353218e-03
9.143348274337284587e-04
1.183355740487959662e-03
1.080174263086888797e-03
1.127615208858803730e-03
1.127293319478910039e-03
9.663227981616118178e-04
1.165502125656272397e-03
8.707419281942033185e-04
1.179533707063206566e-03
1.243101342582500490e-03
1.191246442803640948e-03
1.064023268806474354e-03
1.017307008025283843e-03
1.104014396397769160e-03
1.232858753131324536e-03
1.105192873974265855e-03
9.324482033476674814e-04
1.183969957024702535e-03
8.991498189807392571e-04
1.044201151403162386e-03
1.115553077249444719e-03
1.122047355560200355e-03
1.218327777730291578e-03
1.173191460929243202e-03
8.959688664608445041e-04
1.063226304746707485e-03
1.168490401032271087e-03
1.093299140181719364e-03
1.219726342590217449e-03
9.898069014466354121e-04
9.882982067087389688e-04
9.654927016606376644e-04
1.028434959470941878e-03
1.061117761959710915e-03
1.067910796130992768e-03
1.087679979431054739e-03
9.511803402760289627e-04
1.023672738425671080e-03
1.126649765626347444e-03
1.032168570849943678e-03
1.156865815055724278e-03
1.108553877298093515e-03
1.124834420854849137e-03
8.176771119738843185e-04
1.022509175716182495e-03
1.066753947082582643e-03
1.089597043502477103e-03
1.110480491882278459e-03
9.126154085666512983e-04
1.221347524177358868e-03
8.471832523593465780e-04
1.077013352321850442e-03
1.022709179261900581e-03
1.116324401087415152e-03
1.105519848435508601e-03
1.335429972528570652e-03
9.426821309170205221e-04
1.025453396076250745e-03
1.099934322410428544e-03
1.062870544017241459e-03
1.034227277721372351e-03
1.201104105573336245e-03
1.069181748559501488e-03
1.133884164389684091e-03
1.180295826746065313e-03
1.095381395742077435e-03
1.234471398622219440e-03
1.008076443594498051e-03
1.128756424100665900e-03
1.045020779329719485e-03
1.005081734898682910e-02
6.855443564816245117e-03
5.922162565583498350e-03
5.230585518551787716e-03
4.477641192179838969e-03
4.075653858908540039e-03
3.281342389368731294e-03
3.326011882062447633e-03
2.934599098294698311e-03
2.883169331600654584e-03
2.641446471152095188e-03
2.614916270237927637e-03
2.455341609490343385e-03
2.622830060981021921e-03
2.556914586633485253e-03
2.641598714277534898e-03
2.775042077267982077e-03
2.302662326991243569e-03
2.612983516954395236e-03
2.460112305586320547e-03
2.686640382267138638e-03
2.421533161140382306e-03
2.456222422612931722e-03
2.631485730614620266e-03
2.222915571587151529e-03
2.248351063946277956e-03
2.655592569234310751e-03
2.110759306383207246e-03
2.376705414717437265e-03
2.373535287556155504e-03
2.220755537208751046e-03
2.315512482880907608e-03
2.323753980707915501e-03
2.097433912884669877e-03
2.255691280333177451e-03
2.038392650570639009e-03
2.282804599303894094e-03
2.190124567320241022e-03
2.381568059036671958e-03
2.113821358630019881e-03
2.252798399336633506e-03
2.432041515313079771e-03
1.967390470723313911e-03
2.087569347623299126e-03
2.171814176370592819e-03
2.157942116708173874e-03
2.056563760530566443e-03
2.021597981580195574e-03
2.130798982057317131e-03
2.098068961147957906e-03
1.891148835938910588e-03
1.874967012320091081e-03
1.965360571118474758e-03
1.997384713235860615e-03
2.011194792072488330e-03
1.996700890065119388e-03
1.836059677234911508e-03
1.814409318177948732e-03
1.967634525334431561e-03
1.936946297410958862e-03
1.865660804278079787e-03
1.924328560272643707e-03
1.856558551527578288e-03
1.952691749359122819e-03
2.021243940720750254e-03
1.980604274548481564e-03
1.696961522721317922e-03
1.773442793796511235e-03
1.988767014622586787e-03
1.683920920719013392e-03
1.882305931895297824e-03
1.904256798456398225e-03
1.863086579278951105e-03
1.744315746730402961e-03
1.876666529072090750e-03
1.775198106468540982e-03
1.805420929017687720e-03
1.872823905612511219e-03
1.666160777824169520e-03
1.855166518005477161e-03
1.732880279225863795e-03
1.763551268711333053e-03
1.872360223147153530e-03
1.705125011887506647e-03
1.806650472894633097e-03
1.733289958625677807e-03
1.761919014519237187e-03
1.677043031465930145e-03
1.753419976881751691e-03
1.773924693639329642e-03
1.717913339723702026e-03
1.777063618257117977e-03
1.880282970229529144e-03
1.830425576548215527e-03
1.853439840335521782e-03
1.724564404990129585e-03
1.662412015792980036e-03
1.737701106978749993e-03
1.858801013959049397e-03
1.640215419680825237e-03
1.770102648809467050e-03
1.879076359464774276e-03
1.767544052287264161e-03
1.800546389361563915e-03
1.726036297366340122e-03
1.746502704620192525e-03
1.780041321421378664e-03
1.938926647021294719e-03
1.793463900384047183e-03
1.727766446034038200e-03
1.840712843689761707e-03
1.759768490705769517e-03
1.762348000888383504e-03
1.591532016284608747e-03
1.680915082739348199e-03
1.697976951028336290e-03
1.501852594939737801e-03
1.798467153065252955e-03
1.585597750516053173e-03
1.611069513659225960e-03
1.848578918981026720e-03
1.984125341647623164e-03
1.623942311326218024e-03
1.659156405887780156e-03
1.514608605213366155e-03
1.467577129442454442e-03
1.778005411822169285e-03
1.702570219338259833e-03
1.661337683373904917e-03
1.648737588581021540e-03
1.443191231913706907e-03
1.638026057775958388e-03
1.762054500627687620e-03
1.726802460197213174e-03
1.628297765100244349e-03
1.460588202483684844e-03
1.485883120955912295e-03
1.866111724363701124e-03
1.663348406302000981e-03
1.398131243054583778e-03
1.663019691713809450e-03
1.555172531453319351e-03
1.900371950746118643e-03
1.962164580477095827e-03
1.597992284505689309e-03
1.582808472920204518e-03
1.652824302627649289e-03
1.748120180095520670e-03
1.828206144522049464e-03
1.780332747959353229e-03
1.677323052377405893e-03
1.796492122309010370e-03
1.705883921908159240e-03
1.672160634998188372e-03
1.587093531062948315e-03
1.569354049887502350e-03
1.674634264789073845e-03
1.595762558771425532e-03
2.044925347910210578e-03
1.558685993897822308e-03
1.699190503162112398e-03
1.685857240031569948e-03
1.674783928451911708e-03
1.574408459658276083e-03
1.823909109247161958e-03
1.753533027606134220e-03
1.671597724136351937e-03
1.604895986336733055e-03
1.571536028142084263e-03
1.638739700890859408e-03
1.827344406522272285e-03
1.483379602829085209e-03
1.738779277796153461e-03
1.812906089822839684e-03
1.840307898338874870e-03
1.645218840507986502e-03
1.655801133255963703e-03
1.966826350787504590e-03
1.479539113243381887e-03
1.573831850064728172e-03
1.529916544147927326e-03
1.490600062041717161e-03
1.783790806742534263e-03
1.543273024674364502e-03
1.750063675362015930e-03
1.455358132605544946e-03
1.581039073338223744e-03
1.536676259292057284e-03
1.784311427221834528e-03
1.391055168120526597e-03
1.605757541786163867e-03
1.624102450869500253e-03
1.606875689069350854e-03
1.599093974857426770e-03
1.453381440931163227e-03
1.717541111776289126e-03
1.605593565890666569e-03
1.417564785104560854e-03
1.693643911507600186e-03
1.659618670679558622e-03
9.956895535148224674e-03
6.498454628101793529e-03
5.569284025141188477e-03
4.812652244053128997e-03
4.697535372560977807e-03
4.330495417141966980e-03
4.240336346682031105e-03
4.392238541445468020e-03
4.310646774288134919e-03
3.931183572907875207e-03
3.796160738889421682e-03
3.605217411933637345e-03
3.233954846370311331e-03
3.007377914719736034e-03
3.791639619631193003e-03
3.136965295131459441e-03
3.334102049132744994e-03
3.450643581416605599e-03
3.082395441453042451e-03
3.169481746549084739e-03
3.198249731727859091e-03
2.998248848259641580e-03
2.966888180991320012e-03
3.143539835118818598e-03
2.655944038087224707e-03
2.559886614048233200e-03
2.834884527594953157e-03
2.734502641426075215e-03
2.882947277665436070e-03
2.701867469748951700e-03
2.819318796514980185e-03
2.774783396347124675e-03
2.328976419843944295e-03
2.725541118844161670e-03
2.604349560116566570e-03
2.543433554649740524e-03
2.668218484283026853e-03
2.461121161080794678e-03
2.609294443730699603e-03
2.591644646272258518e-03
2.556900178914352922e-03
2.750332508896249223e-03
2.347622597113390580e-03
2.390499423021264641e-03
2.288391365565911606e-03
2.275257661009281313e-03
2.222430775247231927e-03
2.222056663761691475e-03
2.336508753507125780e-03
2.091417887200696518e-03
2.022874158294010738e-03
1.987633283110148974e-03
1.941936450223290950e-03
2.173659582060064738e-03
2.443005608423851061e-03
2.136519703572897777e-03
2.375239685950675944e-03
2.280081103257933228e-03
1.978388198032487305e-03
2.224755081736990575e-03
2.058238368367711763e-03
2.120812373483646485e-03
2.178606585892799152e-03
1.984704883305411782e-03
2.258812176619915540e-03
2.013947147125785819e-03
2.104600265114709573e-03
2.043524119780402298e-03
2.367812148550536844e-03
2.103031403116534942e-03
2.037658620302133794e-03
2.187486961315557310e-03
2.125921033859345249e-03
2.081199124326554850e-03
2.239634782756280695e-03
2.030368305909045767e-03
1.935920695796396890e-03
1.725753539871560660e-03
2.094593624800508702e-03
1.841666760718341234e-03
2.204651029701645837e-03
2.127741036532463520e-03
2.034292224394333021e-03
1.922776776269539273e-03
2.113981194788366880e-03
2.174108474994246309e-03
2.106488100399612345e-03
2.191275051286602910e-03
1.901062198857869645e-03
2.068608395306967274e-03
2.009395335796661936e-03
1.856846305277982251e-03
2.064832087092176305e-03
2.120515498131227139e-03
1.948387364793521120e-03
1.943868336849487177e-03
1.999202125337985053e-03
1.927224421999433612e-03
1.801636114520208110e-03
2.258665608018444598e-03
1.791650395338392765e-03
2.081856001524492322e-03
1.995891516950999006e-03
1.963652846065824797e-03
1.778346781705873736e-03
2.017448005943812961e-03
1.866331580501270904e-03
2.036846651168478656e-03
2.047057193354372140e-03
2.191679294790041532e-03
2.327252142786454675e-03
1.768255932850050505e-03
1.677530685944620542e-03
1.944827658282358845e-03
1.917744365938847673e-03
1.768770167619844458e-03
1.710969065297260339e-03
1.770633505427568477e-03
1.908274435440195788e-03
1.815001998057660937e-03
1.997838577177370178e-03
1.899026712456328148e-03
1.884422903314766917e-03
1.878888288572320986e-03
1.655449123532971856e-03
1.870626706640378389e-03
1.973140445147614913e-03
1.805631075531569096e-03
1.966179043687728972e-03
1.726311429322287261e-03
1.863408436367557097e-03
1.945840394436959553e-03
1.897933185185753102e-03
1.894679386243647984e-03
1.881676623892804268e-03
1.987087590036636098e-03
1.661834840734090907e-03
1.788242022944315501e-03
1.725727974638692486e-03
1.953691226985805607e-03
1.976199594192325215e-03
1.765081143986720058e-03
1.706111653764073866e-03
2.065047002053524428e-03
1.816088262443012191e-03
2.024598315002471005e-03
2.038375571415635551e-03
1.850812480568109902e-03
1.904989794627928723e-03
2.150109614849946005e-03
1.930952588153646982e-03
1.991141136882708385e-03
1.690426398247499296e-03
1.941421892601997989e-03
1.822017768133836479e-03
2.007316517453925503e-03
1.960169978380055245e-03
1.732321298151422162e-03
1.958116190205052426e-03
1.887879968587413693e-03
1.907556731840495678e-03
1.877264223651944203e-03
1.854646226111141688e-03
1.758212798073963135e-03
1.716065727503445631e-03
1.621833484554323357e-03
1.925141847314106036e-03
1.961695638844879186e-03
1.917615112895326018e-03
1.695384603788839539e-03
1.984821938033846239e-03
2.005841633596579243e-03
1.935623500650761331e-03
2.042253785410490935e-03
2.077510741786730425e-03
1.906378535243131306e-03
1.856378390028490949e-03
1.933598178822892172e-03
2.176368697016629883e-03
1.809192664751393953e-03
1.784765088449442871e-03
1.921750435876560387e-03
1.791843912936540162e-03
1.962540518813553347e-03
1.914945996213109763e-03
2.044895102284872979e-03
1.943634530323375131e-03
1.985683450877354789e-03
1.835475350616681128e-03
1.932188589885183716e-03
2.065989019641816665e-03
1.762806616965005568e-03
1.987408768286916261e-03
1.724249842446085729e-03
1.875031481640636322e-03
1.997769604011698230e-03
2.005617514235731591e-03
2.013467661123268665e-03
1.712746645555644764e-03
1.947031779161015330e-03
7.685706797457121653e-03
5.991138963368197734e-03
5.348041384330849690e-03
4.538520540580612272e-03
3.667359197543171301e-03
3.210653903779073226e-03
3.045625401847065761e-03
2.765882956845246154e-03
2.568073166069953506e-03
2.334503084928128691e-03
2.173618437170524165e-03
2.184012481264097083e-03
1.895609553220559129e-03
1.739383178075870617e-03
1.725880427883637325e-03
1.583515565626456012e-03
1.427452011407544241e-03
1.530209270168628177e-03
1.481806894466905500e-03
1.370843317070519207e-03
1.371951211355543904e-03
1.477036361964667588e-03
1.229483672499843971e-03
1.298175655268202916e-03
1.179323376351744390e-03
1.116687693453192326e-03
1.141313798271752222e-03
1.019090862181135787e-03
1.301165459319027218e-03
1.032096105585560836e-03
9.899778995595825970e-04
9.087891982651509493e-04
9.276889321891343410e-04
9.377221052351662756e-04
7.518845072594163015e-04
1.040010111502939760e-03
9.540997972005416106e-04
1.128821547561484340e-03
7.609177492415089561e-04
1.036493614644459771e-03
9.242762136143084506e-04
8.624528305252315841e-04
9.427285471012430973e-04
9.716799544812297629e-04
1.014482241542040419e-03
9.381826896698239326e-04
9.529636050578729756e-04
8.314375113322586275e-04
1.184770374448800012e-03
9.692937957459860088e-04
8.593387877546751485e-04
7.904822617160744969e-04
8.220349983109158376e-04
7.481573065834731806e-04
9.236584648426859889e-04
1.122710570816289055e-03
7.616227362063771045e-04
8.607916155027039995e-04
9.898873747383706012e-04
1.005152539802788014e-03
8.522077970528549318e-04
1.035038807502337843e-03
1.082832085792864718e-03
8.044606148057756312e-04
1.015862565497627212e-03
8.038594075194388511e-04
9.391943301436285474e-04
7.260582319073075053e-04
7.940183391885041742e-04
1.009767334316936938e-03
8.520797544935600210e-04
8.590554670778634272e-04
9.572658683099088961e-04
9.376192048749475150e-04
9.343342171097904214e-04
8.201847298299203004e-04
9.221037633745446382e-04
9.361941655637168180e-04
8.649163041372885663e-04
8.167047141795363840e-04
1.088078771783101972e-03
8.129978867107388874e-04
8.405219733419629080e-04
1.013004240395055933e-03
7.917760854820737881e-04
7.596196288280135378e-04
8.761761781014183736e-04
7.511874247439417895e-04
8.856145202165016661e-04
8.462872579995152356e-04
9.176600880200294630e-04
8.118048759922918967e-04
8.551310740752479655e-04
1.104942676563941406e-03
1.101943631346517793e-03
8.651870963564331496e-04
9.715280388264135869e-04
8.311910744307170196e-04
9.430672989268196194e-04
8.787531708858847823e-04
8.473008001595727645e-04
8.234379548113096581e-04
9.051216901452378838e-04
8.966457318183955472e-04
8.469963584026643511e-04
7.448111298789250601e-04
8.580493675292497069e-04
8.909519404319936331e-04
7.157538298376460439e-04
7.824959042987411628e-04
8.246143294754551545e-04
9.700587021354567518e-04
7.935059666235623477e-04
8.569434067951173239e-04
1.094634533635806262e-03
8.474207499853600445e-04
8.938234463753344516e-04
1.019932487390889236e-03
8.040501118603306241e-04
8.445508616565719495e-04
1.067427040127983534e-03
7.557696804941713142e-04
7.740420806970418899e-04
6.131847167782714103e-04
8.096424819319728017e-04
8.105387991184168084e-04
9.525021178537138034e-04
8.729142430356495730e-04
9.218869411144817172e-04
8.613013183195114553e-04
9.358019033794996722e-04
7.393475644033691008e-04
8.952766110724846849e-04
7.568904073574911351e-04
7.109385245201368941e-04
9.182125767469052902e-04
1.045811616395476984e-03
8.086046921905939988e-04
8.185830940713734183e-04
8.328061113548265726e-04
8.575907221199108310e-04
8.183490308509011602e-04
8.901999340867501609e-04
8.234333145729980097e-04
8.233302292104151265e-04
9.803410372507814774e-04
1.019295742457466958e-03
9.326148096315996228e-04
8.991822581765965272e-04
8.346551510634639404e-04
1.009881908834501379e-03
9.963437471653541211e-04
8.923843501776815290e-04
9.093229460425886201e-04
8.650345257468008975e-04
8.665036106364210067e-04
9.436738345182452137e-04
7.040561465678496500e-04
6.803569166781292532e-04
8.686101049875036284e-04
8.807765092668992657e-04
8.570912885504620993e-04
9.030174774755719835e-04
7.894539062090755177e-04
9.149352914661450231e-04
9.175852408211636335e-04
8.182632069800993557e-04
8.078977805263364009e-04
7.125327149203712629e-04
8.634912021453985953e-04
8.759112285530237796e-04
9.816929490605932895e-04
8.534075514428154929e-04
9.684861154247610682e-04
9.986391456317939008e-04
8.325492364855344163e-04
7.243071495971198370e-04
8.038357258987847975e-04
7.712293829054625571e-04
7.202876987935404041e-04
1.006165545509214027e-03
9.819151967794606528e-04
9.700802505678424170e-04
7.306115885443130453e-04
7.826902966369224390e-04
6.158392976780627248e-04
9.658387364585158119e-04
7.893922691681251602e-04
7.775106764491904188e-04
1.025216079714865586e-03
7.141798838279402040e-04
1.098626916210869442e-03
1.055026788691036665e-03
9.336199632115488312e-04
1.062413422176427397e-03
1.006882306383793946e-03
8.770774497095096267e-04
8.997398965398181736e-04
8.529995806224460742e-04
8.811369498934011613e-04
8.705495363506170203e-03
5.735262752555564392e-03
5.277714317300986890e-03
4.329250732237749366e-03
3.783459813742465205e-03
3.046070368874546908e-03
2.374395131278270871e-03
1.716543612247645872e-03
1.551919052160594115e-03
1.676176069622135889e-03
1.510567084396355342e-03
1.297154904117015645e-03
1.184399595466560651e-03
1.047670790690700959e-03
9.627640104531431930e-04
1.036795435229664886e-03
1.199178592923604708e-03
1.089632966832714683e-03
1.165707223276711557e-03
1.001527677352918866e-03
1.179825432592311596e-03
1.076752584059988138e-03
1.079407256657300557e-03
1.093955455431422363e-03
1.163197150213408915e-03
8.391746796598750779e-04
1.114400777034792178e-03
9.603930759127764227e-04
1.067558208083463356e-03
8.436046459070929704e-04
9.317166360778353362e-04
9.489279965819649720e-04
8.465913221239115827e-04
8.130248998120814807e-04
9.920919361677271731e-04
8.303499058413335576e-04
7.753054408781850926e-04
9.222887536249058105e-04
9.368622953398464404e-04
1.024129383559904682e-03
9.809336753110950435e-04
9.434300339260653923e-04
7.523916169456731917e-04
9.585680923039768819e-04
9.744298003463991442e-04
9.964722148467601570e-04
1.059466260781016800e-03
9.962179010502558718e-04
9.034856277794281465e-04
8.109506215550031649e-04
1.260748797408638155e-03
9.923346093003160284e-04
9.073922072166604180e-04
1.254813309145823980e-03
7.941757687046913095e-04
1.055161146097653713e-03
8.233496186888164536e-04
9.821781236620148736e-04
7.861949947717446208e-04
9.479512485733726512e-04
1.076575278303938676e-03
7.113647094537343951e-04
8.717149999451570541e-04
1.036213920145197254e-03
1.031155993675175742e-03
9.867882840505215469e-04
7.766806880785126488e-04
1.016219578227707532e-03
8.093894484844585402e-04
9.392741123279528537e-04
8.869747646921347095e-04
1.061104253335425768e-03
7.816940063237950986e-04
1.064523380083538806e-03
7.649311063986710679e-04
8.763924270499753866e-04
9.857884888100423848e-04
1.065150094519642932e-03
1.114123069307242087e-03
9.650765277390491170e-04
9.230494578202352862e-04
1.016198241105392003e-03
8.873718992484722068e-04
9.843056979646630511e-04
1.112686241125739051e-03
8.502350183525880789e-04
1.001177987136850356e-03
1.028944478811542884e-03
8.521564867358250028e-04
6.663801368035349171e-04
1.017752952133514632e-03
1.019341384606527179e-03
9.447640050393030231e-04
8.435321243036725258e-04
9.400050613825733370e-04
9.337066144870717621e-04
7.998010269616301349e-04
1.179812219408153673e-03
9.580514852895009870e-04
9.372592087319858711e-04
8.087286926865729086e-04
1.178537152905868857e-03
8.199192364282195666e-04
9.224140449681228482e-04
9.440671811977718875e-04
1.030927852227997432e-03
9.351101735079747623e-04
8.644607492256928261e-04
8.411621897778873147e-04
9.216460515050969859e-04
8.538267502233576334e-04
8.769638949424132801e-04
9.475274516847695394e-04
1.021828327919194201e-03
1.104020414909749614e-03
9.196283977317039338e-04
8.557029001903110332e-04
8.498656846441521306e-04
8.412227140390665658e-04
1.032566270862612240e-03
9.584460680875095395e-04
9.926013957546886424e-04
7.714817754405252359e-04
8.933990136041763952e-04
8.366357467278345839e-04
1.041748342068833655e-03
1.202633716223970584e-03
8.951842154204109336e-04
7.738232011541626432e-04
8.997912445024777717e-04
1.002182452787346578e-03
8.987806797187657126e-04
9.933040635772480420e-04
9.587483770511426306e-04
9.742943888804353469e-04
1.035155527676197285e-03
9.347287578310506384e-04
9.596872230317465835e-04
7.965823329751445248e-04
8.311462243642264713e-04
6.780074134313252010e-04
8.373327921688544784e-04
9.989803692293935944e-04
9.941294419884214029e-04
7.111315727898817607e-04
6.182149948353379831e-04
8.238440632756596771e-04
7.661991379459102969e-04
7.739557409680505873e-04
1.048781199384521412e-03
8.019017348472601281e-04
8.848865025013405439e-04
8.180910219819023665e-04
9.763566665614287210e-04
9.709369171556278544e-04
7.102991985774645411e-04
8.145727437067970533e-04
1.006685507990569967e-03
7.710804596565042079e-04
9.948910526328402781e-04
9.283691200372631847e-04
9.321633302269566324e-04
5.874512459351360905e-04
7.957274966204179456e-04
8.980371864438160823e-04
9.446271400224137693e-04
6.979357193216614852e-04
1.110275797677674758e-03
9.400961179513653287e-04
8.859553745855612561e-04
9.066868291230968657e-04
7.995303906008013883e-04
8.698942808716553232e-04
7.299464682400877424e-04
8.092037377327096492e-04
8.232852424699885208e-04
1.040877378626910155e-03
1.027495958131237341e-03
1.133751958277980088e-03
7.199517315438080933e-04
1.071341501012582076e-03
1.006904387900294656e-03
7.897725035954303308e-04
9.140134349239006917e-04
8.455188319749819270e-04
9.997812094080169021e-04
6.987810207911664129e-04
8.126216704679167790e-04
1.151113515859149283e-03
9.370667096653545469e-04
9.602751941786072387e-04
8.099852819155040073e-04
9.795337285240304781e-04
9.611756491046674622e-04
8.258644522077876471e-04
6.533062957821272887e-04
9.421684874281396893e-04
8.944686168347315558e-04
9.270726625549563504e-04
8.365512936074556705e-04
1.002768091693885533e-02
8.456549277151698130e-03
5.614720997983546624e-03
4.643636183780650017e-03
4.138936572735368857e-03
3.312183638634183525e-03
2.953252985466638808e-03
2.815687010907862164e-03
2.314264069875782148e-03
2.262710759830241503e-03
2.460524638556463306e-03
2.156381834507035272e-03
1.784359141256082470e-03
1.781202110896624308e-03
1.836267888564484946e-03
1.614921857524816845e-03
1.853484388607464645e-03
1.523630016496330120e-03
1.315893043373980026e-03
1.248195188547122914e-03
1.498047751266398664e-03
1.267547801222873582e-03
1.215169582575600926e-03
1.231587604079820153e-03
1.188293718456807924e-03
1.138279671993668030e-03
1.051172086971322028e-03
1.337299529532653963e-03
1.291355501562098385e-03
9.355483954958006276e-04
8.552101223181125811e-04
1.124788214491176386e-03
1.048195199780992126e-03
1.200394595010381704e-03
8.165887407383769225e-04
1.001670992944764249e-03
9.310624463883532265e-04
8.857656589569343208e-04
9.173968707138491219e-04
1.051045726393112778e-03
7.757869206142450902e-04
9.511518822336167966e-04
1.031415797742435414e-03
8.395974852104248765e-04
1.006375301574588543e-03
1.038405528391933563e-03
1.043623908631257508e-03
1.123213548292208153e-03
7.583307869964174552e-04
9.642835030472217406e-04
7.290700972435379401e-04
9.540355488170289278e-04
1.017480245343586887e-03
9.595641308152852433e-04
1.122537877328931566e-03
1.015963009381538884e-03
8.865060612469714829e-04
9.959732056738085371e-04
8.744746271333384002e-04
8.215138583116642079e-04
8.644197501110686965e-04
1.065705686545785624e-03
8.739427858641402036e-04
9.011635095878128832e-04
9.397331217655714719e-04
1.053546545187279693e-03
8.447578236964528586e-04
8.673320043746102215e-04
7.699260499742198449e-04
7.797410067771765041e-04
9.752130345858159299e-04
8.880494932916767337e-04
8.906620180224311678e-04
9.360055288161889253e-04
9.119629456246086674e-04
1.026839209944230280e-03
9.035633727714348362e-04
1.023380818384746205e-03
1.084926890585410919e-03
7.979900754682620057e-04
8.093193563853753880e-04
8.338570830407066037e-04
1.078120751671414468e-03
9.489441281435029296e-04
8.879914590272236508e-04
8.979722627114258837e-04
1.005495761556576828e-03
8.656971621767220459e-04
1.079318960447574888e-03
8.914512885586436952e-04
7.650405252788566868e-04
1.131855522479113113e-03
9.574615758822443978e-04
9.308993732697334877e-04
9.105094182458792207e-04
8.079423453227242702e-04
1.009260017958747008e-03
7.182937985400345005e-04
8.454854980567277911e-04
9.244884467650045512e-04
1.021702385031540705e-03
8.875397281381883219e-04
9.018275271950558503e-04
7.549126705790054626e-04
1.063955641438116273e-03
7.611577120204132685e-04
1.088191802645646633e-03
8.398697029848509188e-04
8.617621361301716632e-04
7.806083445057593329e-04
1.107911433584317373e-03
8.332275118585613649e-04
1.010656026381409611e-03
9.281604114648109305e-04
8.144408959451232555e-04
8.887057115058161205e-04
8.485387568424943017e-04
8.271867616465207462e-04
7.133868096182993668e-04
9.418628313276541930e-04
8.795313943632983300e-04
1.033881984914143681e-03
1.007336303553804657e-03
7.626448717420672430e-04
7.721797023782783764e-04
8.002740450488501911e-04
7.854000032668229103e-04
1.021611199586072022e-03
7.778571164800407445e-04
9.264275323788914718e-04
8.698353498920660676e-04
8.954466102369974811e-04
7.505984732100734469e-04
8.300936184102505888e-04
8.470651616002827788e-04
8.474171443831612915e-04
1.062047210945014919e-03
9.514707785919437888e-04
1.013509050313332605e-03
9.500464997973002979e-04
8.186715293859031517e-04
7.310833736544064543e-04
1.067260433979845546e-03
1.129838344731397271e-03
7.979642293691260879e-04
9.506348934035374620e-04
8.754948765457154503e-04
7.964299675989119920e-04
7.120483843041890137e-04
7.596488451594926583e-04
9.293644866626357692e-04
8.649559773129048001e-04
8.362116524952487029e-04
9.533131037984948764e-04
7.913038819201134721e-04
7.844442035509005540e-04
8.885344206404112433e-04
8.838518854340851605e-04
7.843675055619475645e-04
7.244483541648943925e-04
9.588586720861574930e-04
1.053969636506710272e-03
7.625642969831293583e-04
8.699706891530656350e-04
9.454499917047748392e-04
8.186270746732560166e-04
8.992358803247418875e-04
8.674984268752725103e-04
8.656731010880137911e-04
8.617449201264310021e-04
1.071571816073826899e-03
9.299378019986398458e-04
9.628654209773261641e-04
9.902964357998977896e-04
8.724517680594456870e-04
7.692677361144997783e-04
9.189303495801479094e-04
1.069708440981892439e-03
8.427393302369023953e-04
7.558944777866019593e-04
1.051274542591705552e-03
7.864342856138267779e-04
7.657813679222968961e-04
1.008593095880534751e-03
7.860076550044586829e-04
9.013403596706964782e-04
9.778210009391691271e-04
1.055600669256008539e-03
6.480873430982601879e-04
8.619498662411628764e-04
8.701286564318927441e-04
9.570776850792404866e-04
8.529555574363634207e-04
9.822181083981619543e-04
7.809275118068476074e-04
7.843028932357776206e-04
8.573779517426702301e-04
9.424705350676507165e-04
8.825702838929604110e-04
9.217802375504104140e-04
9.140087939976074272e-03
7.538391738050688462e-03
5.661443180452956775e-03
4.552342457957121030e-03
4.812366282599692124e-03
3.834094870484902606e-03
3.780890113130864344e-03
3.426952093388283688e-03
3.039078311524626153e-03
3.244366957040410726e-03
3.026617187845772466e-03
2.734071257977963021e-03
2.991186015162853457e-03
2.471573911143810920e-03
2.694370559890219008e-03
2.747123614577559603e-03
2.601337747496677844e-03
2.734694337943488485e-03
2.618900590417420210e-03
2.591138077931792738e-03
2.576102530678778951e-03
2.654656573541608333e-03
2.342252021434187287e-03
2.347799392080938269e-03
2.670709418260138607e-03
2.293438413869086645e-03
2.659514555581644901e-03
2.332959701763965416e-03
2.594048183226473764e-03
2.346697468244438034e-03
2.327887137192556632e-03
1.991657195962698301e-03
2.116109143142769905e-03
2.217043879594340211e-03
2.319122829613461112e-03
2.160050044881380027e-03
2.307635627500033426e-03
1.962141627630649421e-03
1.934487712247197344e-03
2.179604602602185082e-03
2.289257318474832714e-03
1.953805756706797347e-03
1.853161555617564848e-03
1.850821037710580208e-03
1.911024033541271205e-03
1.829859606268822991e-03
1.716899247164255238e-03
1.862499616918977807e-03
1.797581885788455958e-03
1.645961560882126806e-03
1.715079617429941805e-03
1.476358344017974361e-03
1.779865280381556780e-03
1.677051104148539334e-03
1.741967925766130937e-03
1.452106123167699880e-03
1.482419771104220851e-03
1.569201345525742669e-03
1.550749376032247578e-03
1.817605326806970290e-03
1.347730136454877020e-03
1.718785107528542078e-03
1.649251073500238030e-03
1.485372926131083710e-03
1.514242666283954070e-03
1.380857127519615618e-03
1.445532450293756516e-03
1.484780856527766896e-03
1.357294835264755140e-03
1.459086458948231912e-03
1.271563526556281076e-03
1.539835289800041418e-03
1.573695356905546738e-03
1.206686700857835526e-03
1.443049177241376158e-03
1.210407598795100459e-03
1.482175246267626589e-03
1.394744515980907151e-03
1.436534362362809625e-03
1.185888184039501914e-03
1.364203343649998679e-03
1.235649502658475729e-03
1.501830767906268960e-03
1.335752468161380269e-03
1.278978341393104817e-03
1.332130246773678695e-03
1.001931750855711983e-03
1.341200435109018985e-03
1.275672868358338624e-03
1.290132833262437606e-03
1.128900828661988376e-03
1.165370820843749516e-03
1.296390498783325101e-03
1.356678489327405035e-03
1.318067974882493332e-03
1.272016946346078703e-03
1.156573491671433751e-03
1.252119495880027467e-03
1.387454942361154159e-03
1.382295603780944043e-03
1.209638850707336899e-03
1.083293606436511181e-03
1.135377551629949966e-03
1.098685416891224953e-03
1.250701520627044844e-03
1.105753805123024791e-03
1.253533939261607111e-03
1.290395642806876908e-03
1.240447222599368182e-03
1.078751168706641728e-03
1.197210516952769421e-03
1.142541164593183223e-03
1.216281763109738207e-03
1.216667956605743672e-03
1.305186165338229065e-03
1.220412066541307766e-03
9.948353779278343301e-04
1.147322793989130618e-03
1.107054827674820718e-03
1.251092449884180779e-03
1.074354684803699445e-03
1.072416178306681567e-03
9.881826591468037546e-04
9.352530194815036890e-04
1.076914284272385142e-03
1.053853060937203628e-03
9.233640437981832649e-04
1.319241528406074615e-03
1.062549536792526533e-03
1.124209741044761290e-03
9.616702754750988680e-04
1.038297749195421504e-03
9.272878225479383452e-04
1.006079553834988288e-03
1.117164814000100315e-03
9.542146030213569108e-04
1.015722535843442687e-03
1.090707208616835400e-03
1.186999737680900086e-03
1.203655107901310806e-03
1.065059545072508107e-03
1.146287504289647541e-03
1.071339298744533597e-03
9.754955573556337023e-04
1.026129139872680035e-03
1.165606462552502831e-03
1.248934086096879781e-03
8.774000720808902698e-04
9.115009535030776933e-04
8.499573416003609883e-04
8.966107088039035333e-04
1.187910834073317712e-03
1.156695759229692255e-03
9.397463213968518247e-04
1.014748813273985695e-03
9.333790262412294814e-04
9.160091177672149976e-04
9.227009237711275569e-04
9.299557463984392536e-04
8.289953233905737739e-04
1.119248367488737128e-03
9.900708489719023397e-04
1.064382483205401908e-03
9.096200448924299242e-04
1.091856818868017220e-03
1.013932482956912684e-03
9.737554641283258094e-04
8.599901938476650631e-04
1.051835316295952200e-03
1.111580844741989066e-03
8.464572535995806835e-04
8.965910207992464076e-04
9.748564632247741502e-04
8.818765575161896519e-04
1.148046327569061942e-03
9.923405475798716124e-04
1.049332593181524775e-03
1.105575056502924869e-03
1.063216080399255470e-03
9.886000129501297529e-04
1.083225347610551614e-03
8.369670878410548354e-04
8.639666120018804629e-04
9.973920975634570363e-04
1.178705966821548545e-03
9.866809267897597158e-04
1.039800782368760501e-03
9.783059656029990947e-04
9.285207636260187081e-04
9.574528155939440732e-04
1.097858039181651146e-03
8.887941662928562636e-04
1.057067807000808268e-03
1.112404010164158574e-03
9.170655904200616937e-04
9.366888988937560612e-04
9.766139316605138010e-04
7.391405405612685997e-04
9.804939815323335250e-04
8.951856634153050607e-04
9.193523342520965036e-03
7.444911820224692223e-03
5.585254320342902812e-03
5.079093052858925372e-03
4.339265688913171437e-03
4.422933885141946270e-03
3.913815647639345974e-03
3.493166242719072945e-03
3.231173069097842410e-03
2.812697737138058346e-03
3.068521796386978334e-03
2.503988821107645812e-03
2.644313885699408478e-03
2.468739057129087228e-03
2.130870856732802743e-03
2.168812212883827750e-03
2.050218188309266970e-03
2.253684928476162863e-03
1.949331091235465691e-03
1.656783442551393315e-03
1.726817125771218375e-03
1.845427067158369322e-03
1.675474057554693363e-03
1.525861156367627064e-03
1.807216945330508695e-03
1.423159510160063729e-03
1.580594387457071037e-03
1.550844802219383811e-03
1.454950326781924430e-03
1.452514812643045106e-03
1.492806161328099485e-03
1.493738601190237880e-03
1.207886960541949828e-03
1.486409702102311353e-03
1.205831196702027153e-03
1.174460834328795722e-03
1.167080677697489299e-03
1.460675345301937905e-03
1.328738999859947756e-03
1.640021421258477941e-03
1.244185937829680316e-03
1.269737000969071994e-03
1.298039263624206630e-03
1.258680702452719125e-03
1.347932579938253272e-03
1.479182592766893622e-03
1.202045364987074094e-03
1.324877840156866299e-03
1.091785997988245493e-03
1.055163568329731821e-03
1.164052077821792902e-03
1.285820514520211177e-03
1.271112640290811280e-03
1.157221049070691898e-03
1.311621230595173826e-03
1.307977818577086421e-03
1.288223883439500173e-03
1.243539566764480936e-03
1.021449787418724636e-03
1.385373125019004337e-03
1.187065219047264003e-03
1.093120003935403595e-03
1.101227749955947799e-03
1.093381444868469360e-03
1.321053800112451104e-03
9.473744200884683109e-04
1.149340361840923974e-03
1.089536981944846938e-03
1.400982485471234662e-03
1.089066468803141785e-03
1.172477272742424026e-03
1.258375548212925521e-03
1.075903240308755116e-03
1.099509140994471557e-03
1.325307252947369174e-03
1.113258496104378714e-03
1.122357415643419898e-03
1.275841160616551090e-03
1.230792039994314802e-03
1.260580399488755304e-03
1.177157967198621397e-03
1.091683447054046102e-03
1.049562464342644608e-03
1.048965041951333693e-03
1.055959121600336115e-03
1.197347888039195646e-03
1.064223668562812308e-03
1.064204146901528286e-03
8.945115587770460785e-04
9.318409990994071246e-04
1.235203298030316393e-03
1.264115437065740921e-03
1.195565883497388959e-03
1.108747438343757330e-03
1.161203237203166372e-03
1.104389366159939934e-03
1.225472292903415084e-03
1.019590822205689723e-03
9.188387546941179096e-04
1.070904913084216870e-03
1.128593386418290379e-03
1.216816592216299342e-03
1.144685006563721241e-03
1.061766587483803370e-03
1.043346370863965089e-03
9.433410739870771999e-04
9.609532850377820734e-04
9.932306219215744636e-04
1.023683453578394520e-03
1.028391355361001069e-03
9.751167022751805469e-04
1.102643423940383172e-03
1.019878633864653578e-03
8.121416670661824044e-04
8.543899862089587849e-04
7.778555488279909058e-04
1.014838555328276964e-03
1.185247878302615049e-03
1.100483479628548006e-03
9.020363986425097846e-04
9.499632732459309392e-04
1.039437153246350332e-03
1.111199429232240243e-03
1.038218055741259305e-03
8.683615049146220510e-04
9.437896682708869778e-04
1.000058941904635734e-03
1.087229257559711726e-03
1.043091870265994148e-03
9.046702595022632076e-04
1.024852376823454092e-03
9.858563074796010406e-04
1.259523506084284095e-03
1.180094233150380534e-03
9.846678999004404576e-04
1.031639045961072615e-03
9.847806546259517402e-04
1.238022620963043219e-03
1.077585971025665085e-03
1.164146701964109687e-03
9.049510580793063141e-04
1.033345892326752169e-03
8.856676427133822194e-04
7.899230511207062932e-04
9.853823243080109262e-04
1.168646068285580930e-03
9.399147243557802456e-04
8.628128926248535002e-04
9.092163394213773064e-04
1.006273826246108227e-03
1.025919840326083160e-03
1.046449307882571511e-03
9.413866201138931800e-04
1.276999501438870477e-03
1.066686847210982642e-03
9.680757960744100499e-04
8.044070672684477952e-04
8.756510589719504467e-04
1.182185378858460756e-03
1.004905971057328679e-03
9.359097868967825029e-04
7.779108422650213295e-04
8.694187638283376596e-04
1.195416612694462366e-03
9.861715345213309392e-04
9.325714435171120198e-04
9.377871384678646005e-04
9.071840537744242650e-04
9.954742067757454960e-04
1.164266603400652966e-03
8.160905115227080897e-04
1.086947808718465025e-03
1.128123852940372818e-03
8.528250641895926409e-04
7.928259575968460426e-04
1.057555467772679919e-03
9.004208860871124043e-04
1.026571405221402000e-03
1.004305614205287800e-03
9.064768371499810906e-04
1.232639438548267796e-03
1.107084984921114651e-03
1.001408547322175935e-03
1.081744595007129439e-03
1.176111787871657322e-03
8.114111394940948241e-04
7.394543720936549991e-04
1.001164366627393942e-03
1.043427382662082126e-03
8.805124863716581873e-04
1.069722413059272931e-03
9.074850769358148994e-04
1.028057920566115280e-03
1.024415694689133349e-03
1.208352720775837663e-03
8.099810446779848183e-04
8.591041804534085835e-04
9.958738069567388274e-04
1.093554900507824612e-03
9.546369427108486461e-04
9.987970941351766163e-03
7.465320662110731809e-03
6.948231005228185098e-03
5.867466395163910275e-03
5.501671838254944269e-03
5.168208363157043156e-03
4.797158625506739438e-03
4.804173300713834166e-03
4.660603384513975489e-03
4.639549114914546385e-03
4.497992737218896309e-03
4.109194485185863749e-03
3.915171075525233912e-03
3.511661366838680215e-03
3.638032930445206370e-03
3.705928186850941664e-03
3.753309579796242079e-03
3.519516186438035460e-03
3.387806567371032251e-03
3.471143650095136896e-03
3.452343707080002266e-03
3.177102419650548043e-03
3.449839844365011621e-03
3.211095275892722478e-03
2.855730068655568110e-03
3.118348132745335510e-03
2.839404826016616451e-03
3.201246390089129007e-03
3.185844235944222669e-03
3.164908535791183253e-03
3.215180739860441783e-03
2.854852319801631094e-03
3.010697399743023084e-03
2.905943494547681694e-03
3.142067259102293564e-03
2.797887685037896838e-03
2.836142745909053103e-03
2.809737552716337627e-03
2.993028651132864648e-03
3.007772244365443381e-03
2.965344109007055085e-03
2.997904928081374792e-03
3.529795930787633235e-03
2.882863923679753609e-03
2.717649144408990775e-03
2.971960199546021253e-03
2.871569947732653671e-03
2.923458661798297026e-03
3.243404412709885443e-03
2.944073990294577420e-03
3.144102920202878487e-03
2.954071801757541388e-03
2.953206693158540869e-03
2.685630668773295038e-03
2.911435923750819305e-03
2.847042348817288571e-03
3.034578313607382699e-03
2.971140631680344035e-03
2.612675859385623495e-03
3.088865464840669095e-03
2.566933513296884573e-03
2.779630928801034295e-03
2.812319097662704936e-03
3.082520542893183585e-03
2.716389958956007961e-03
2.838043565248589417e-03
2.626926219524101935e-03
2.882263178164291839e-03
2.701284833152448051e-03
2.821442902145660653e-03
2.488409928460437459e-03
2.583258163038604921e-03
2.601979882438924807e-03
2.888494740858688764e-03
2.746499190987322647e-03
2.618485258817915273e-03
3.103671416499868135e-03
2.544110067978447992e-03
2.427726584942248994e-03
2.587164426005674617e-03
2.279452876844677983e-03
2.414287207308535993e-03
2.612304150491233379e-03
2.429007336096449671e-03
2.425238048412308584e-03
2.433339223974817500e-03
2.543031263013195709e-03
2.779703957721174623e-03
2.596283270504023272e-03
2.273402708197248129e-03
2.367395288685056332e-03
2.510690205266254832e-03
2.542198908581407013e-03
2.591172365606849576e-03
2.603488353426306606e-03
2.253465880174908287e-03
2.397766576241980307e-03
2.306260027931963247e-03
2.522071087481102952e-03
2.413796414036169236e-03
2.612774426317091003e-03
2.331719591876141306e-03
2.255881379360717698e-03
2.273155795354881575e-03
2.428442113660146673e-03
2.329328372790328422e-03
2.585643548836308314e-03
2.165942336104332427e-03
2.444818949344940845e-03
2.240257103100617292e-03
2.285814199421688092e-03
2.381392080737617517e-03
2.242044135139724392e-03
2.160424940947425210e-03
2.379383536550372380e-03
2.232659488376611406e-03
2.323293729278461117e-03
2.209416445225112491e-03
2.036309649345230399e-03
2.090504967837844563e-03
2.155177888879845904e-03
2.218903229735898208e-03
2.157788837267100163e-03
1.974394314113513821e-03
2.005111619343195178e-03
2.116540227002413482e-03
2.258001462791658226e-03
1.933403074053194337e-03
1.934349486909726218e-03
2.426830537875145077e-03
2.006062431396851697e-03
2.217222738077485877e-03
1.718901736243054479e-03
1.960032259152845457e-03
2.138161087267245047e-03
1.882298720913843509e-03
2.077156808160347812e-03
2.140762558841196456e-03
2.314759230653200966e-03
2.267354692658891252e-03
2.066694874235247559e-03
2.071451770134576098e-03
1.788974979668976617e-03
1.772090373480268016e-03
2.215918545074885282e-03
1.850771520722317015e-03
1.689062585884509166e-03
2.123216674993880920e-03
1.903312896073896393e-03
2.186806527102572867e-03
1.904481154604623777e-03
1.997821434178613520e-03
2.028479477421674809e-03
1.845286582668297093e-03
2.172331564998408737e-03
2.034552798998529033e-03
2.181718282977744561e-03
1.984769376599603008e-03
2.134867753186754646e-03
2.021720634204332567e-03
1.999552956330127862e-03
1.872617760888300315e-03
1.933327854116696082e-03
2.021536515332031381e-03
2.158663495411956151e-03
2.099907590517802874e-03
2.072953641602592878e-03
2.031891876007742986e-03
1.760024928881550460e-03
1.860163432971809194e-03
1.843419977781753788e-03
2.053496878713388651e-03
1.965442724349036885e-03
2.067060745043387132e-03
1.995989566872257565e-03
2.063255950865965777e-03
1.886627577667068789e-03
2.096708426263797775e-03
2.000717990555265363e-03
1.963667912461435072e-03
1.884321844568565690e-03
1.888671191000754895e-03
2.007679279722202059e-03
2.125424845838864985e-03
2.209895888045706330e-03
1.873328046244397693e-03
2.221429152928056094e-03
2.081468725636824446e-03
1.819214345988071080e-03
1.982700940892340169e-03
1.933553966271223806e-03
2.002321340506471592e-03
1.944893388611729224e-03
1.867474281348216469e-03
2.338313948335897507e-03
2.076959951612562805e-03
1.964970113242939243e-03
2.120820211680078671e-03
1.885192609583877243e-03
1.955870890974733406e-03
