1.112287654644242285e-02
8.530538495888723149e-03
7.636561611649054365e-03
6.383845938174904922e-03
5.827434045850194561e-03
6.015749958239936107e-03
5.251227479582003255e-03
5.003942395549014488e-03
5.044853758326087872e-03
4.595287222508327718e-03
4.916572248499249953e-03
4.417947693224448524e-03
4.158447826357904858e-03
4.656057883112560414e-03
4.311770307179600692e-03
3.982599189205304063e-03
3.982703087372307937e-03
4.013978101807251508e-03
4.446686220759055175e-03
3.635258274917237131e-03
4.101885146554039296e-03
3.850441766703897872e-03
3.683649887621313901e-03
3.510678732957510373e-03
3.801803784119175272e-03
3.623563266618282791e-03
3.789395165840547114e-03
3.743528940475190220e-03
3.974381740931634543e-03
3.521939945352135087e-03
3.401466790120280526e-03
3.243409413098436583e-03
3.255246486180678883e-03
3.205085826956551726e-03
3.393559703398794924e-03
3.046288271970683248e-03
2.847047566772252514e-03
2.928441990642519782e-03
3.165199833427473353e-03
3.075487336463091775e-03
3.243696716955589421e-03
3.109412203673979358e-03
2.789003450448114541e-03
2.760977303453142351e-03
2.804837862194424492e-03
2.732098623128030590e-03
2.630903361370312554e-03
2.642245118227679046e-03
2.689364661949345675e-03
2.739428124333868203e-03
2.604996222723150734e-03
2.648094865441662921e-03
2.600992804392146529e-03
2.776267542320479120e-03
2.518680224481185947e-03
2.208338961856303601e-03
2.407955056127654425e-03
2.290828346656677283e-03
2.522853425098406377e-03
2.198267401352246853e-03
2.410258867944100464e-03
2.281760238115236594e-03
2.088369024192539974e-03
1.961937621593502767e-03
2.158261853055960799e-03
1.998693530002430135e-03
1.955451800369573112e-03
2.192364501539090238e-03
1.938233716846322896e-03
2.204157179829607793e-03
2.444801867087575270e-03
2.052784618694715457e-03
2.134760476519344252e-03
1.978400363236675064e-03
2.057067383011756956e-03
2.107650437446064590e-03
2.123125590165659410e-03
1.965159277887176120e-03
2.059597976498642180e-03
2.375404958713064896e-03
1.924746236489225520e-03
2.348320777968211648e-03
2.226574094378618029e-03
2.114109743972719668e-03
2.044320532522410361e-03
1.868529675782902577e-03
1.985927063850818908e-03
1.788934993545567703e-03
2.190950715604558785e-03
1.982211685645617755e-03
2.077006734224992601e-03
2.272360914131625609e-03
1.991767873900152086e-03
2.052671291919477142e-03
2.358461653464229840e-03
2.098936203907005027e-03
1.938130555998691246e-03
2.031561717598377725e-03
2.078892297227935559e-03
1.984090982379321105e-03
1.749000215172387407e-03
2.011840516781774474e-03
1.977762788777367303e-03
2.216400531112498046e-03
2.133232020595725309e-03
1.982932690514017243e-03
2.268237264861278080e-03
2.220210679750572041e-03
1.993028912132703556e-03
1.995163957522427117e-03
1.879433813800412273e-03
2.554473676036710800e-03
2.267215323616338096e-03
2.028168670323828027e-03
1.843536387144573130e-03
2.327813949947989819e-03
2.013639270477429744e-03
1.869200219303573246e-03
2.074566633223272338e-03
1.993228222524991156e-03
1.925457123288874112e-03
2.111329103431605625e-03
1.811712167698431575e-03
2.187513279509393366e-03
1.850521038112170474e-03
1.884223130055352746e-03
1.874460329682067772e-03
2.017532030371874119e-03
2.035037202847030796e-03
1.985009614942488676e-03
1.925608032128760250e-03
2.301151079249209169e-03
1.904081622174268879e-03
2.107729846523798134e-03
1.835828872910543613e-03
1.924464421141774961e-03
1.829872385580480487e-03
1.965160852364956912e-03
1.835495550776753554e-03
2.106976988380911825e-03
1.935723159861742204e-03
2.067242227077097094e-03
1.916520538422152031e-03
2.137111962019138528e-03
1.854378120792476992e-03
2.147955666880980996e-03
1.822347361243106811e-03
1.828290889345222242e-03
1.909736696163531755e-03
1.931643069681091007e-03
1.751532975906647249e-03
1.748008967698111427e-03
2.289761085338501423e-03
2.097212303584360116e-03
2.069881600437663977e-03
1.848888246993814211e-03
1.763445634682111324e-03
1.993249681932630912e-03
1.818119423193348405e-03
1.961565844352242821e-03
2.131950458614931265e-03
2.094600903040505502e-03
1.957739965697577467e-03
2.013000404740498961e-03
1.908739131717671067e-03
1.867841433592719314e-03
2.039169707698074152e-03
2.020562336464280101e-03
1.671156791707911066e-03
2.074890014726202270e-03
1.820993346562899823e-03
1.842927720206812003e-03
1.898293749929790691e-03
1.969724193676844481e-03
1.968565591803833614e-03
1.974320169024781912e-03
1.948853207203792709e-03
1.922512655382117852e-03
1.980122516170156055e-03
1.709918262152804180e-03
1.951538258169276813e-03
1.782002870484938883e-03
2.111034344910313332e-03
1.941736544235114770e-03
1.813976266656310010e-03
1.924214887120821726e-03
1.948301545558341064e-03
2.227145940325483964e-03
1.803127305249719453e-03
1.631747543892080043e-03
2.059226116351328684e-03
2.120290364090941793e-03
1.919154866404877702e-03
1.901892561880287602e-03
1.741717774081549125e-03
1.878535367728792482e-03
1.914232009849956007e-03
1.930241938222301140e-03
1.984582295779101224e-03
1.757384658628381724e-03
1.279442081066063663e-02
9.154271746889285077e-03
6.029586586724998420e-03
4.345562630365062962e-03
4.056855168647788279e-03
3.619678074049517691e-03
3.660203613990019311e-03
3.197570151983065295e-03
2.816690047697786858e-03
3.062152455630760828e-03
2.601120909784024327e-03
1.939932235183097070e-03
2.566874402134187300e-03
2.094481117485703925e-03
2.572786456857961701e-03
2.603006609159526363e-03
1.995447324244926934e-03
2.011168710027707446e-03
2.136629121589045388e-03
1.847194303900935586e-03
2.122715109068674944e-03
1.594740949966706733e-03
1.848436054754494517e-03
1.879126800642637318e-03
1.717356884422323315e-03
1.634014882967535498e-03
1.770325740519378133e-03
1.908951547570623269e-03
1.454955995282381648e-03
2.011646613843731668e-03
1.677597113291746933e-03
1.795034635702959930e-03
1.708722389754183113e-03
1.591485059563642335e-03
1.675274822785403211e-03
1.619516357882010149e-03
1.835614832409630109e-03
1.769711412648325433e-03
1.697298106715160876e-03
1.678384165904163450e-03
1.667643211594006109e-03
1.765716466082069280e-03
1.769170652593743398e-03
1.752488822726373102e-03
1.553260104299972189e-03
1.612918398522140279e-03
1.675618907105935751e-03
1.716219357876056645e-03
1.583451488736987989e-03
1.526104467962224875e-03
1.695024040856918379e-03
1.751222106111685606e-03
1.569189074484632351e-03
1.438082020668692701e-03
1.667410511176820737e-03
1.609927146926197483e-03
1.445980554014510838e-03
1.581558404951069474e-03
1.679436108150217377e-03
1.554659448988769677e-03
1.353133388728181008e-03
1.495884417614577744e-03
1.345034334956148048e-03
1.320773732508551124e-03
1.364883737671740427e-03
1.339918746413731876e-03
1.357145328520395489e-03
1.348952674118136796e-03
1.263205042138108858e-03
1.461108633694307990e-03
1.426174310485184976e-03
1.377939922833231606e-03
1.412137389909730312e-03
1.160155659095815639e-03
1.294340583692155100e-03
1.265380231450577431e-03
1.419740165232621920e-03
1.143997810342259336e-03
1.225521689368985756e-03
1.190493128868416739e-03
1.161974962331231709e-03
1.309665181545370538e-03
1.251608369569133516e-03
9.241339282615897155e-04
1.235461613013535964e-03
1.339501195520592658e-03
1.047328052015392141e-03
1.317724671716688500e-03
1.061967290575047129e-03
1.230131668323607153e-03
1.353023870479690138e-03
1.151817787966778056e-03
9.285579326333212591e-04
1.084708966528104279e-03
1.088882219496947745e-03
1.191787890206127271e-03
1.192286639368309031e-03
1.312484169187791427e-03
1.087226801108509555e-03
1.303255894358409939e-03
1.070064373319544460e-03
1.059415880758852319e-03
1.400063816205995154e-03
1.060972314706538910e-03
1.065073329383339762e-03
1.162566159795635351e-03
9.431831612194616077e-04
1.163717914687077692e-03
1.086237573472009776e-03
1.024231898202748736e-03
1.316042853039444543e-03
9.731342629576214542e-04
1.267486400975979810e-03
9.451139964134977478e-04
1.159801426528321577e-03
1.309313922093206795e-03
1.259700928873494497e-03
1.239508568803594779e-03
1.083649303197535552e-03
1.053605145426989020e-03
1.205981057840182363e-03
1.062452738137494024e-03
9.099286207450082986e-04
1.042281905009326964e-03
1.038157510058687616e-03
9.999918543748126387e-04
1.116935219851539207e-03
1.183926017250348794e-03
9.915796658618129811e-04
1.028451834974353218e-03
9.143348274337284587e-04
1.183355740487959662e-03
1.080174263086888797e-03
1.127615208858803730e-03
1.127293319478910039e-03
9.663227981616118178e-04
1.165502125656272397e-03
8.707419281942033185e-04
1.179533707063206566e-03
1.243101342582500490e-03
1.191246442803640948e-03
1.064023268806474354e-03
1.017307008025283843e-03
1.104014396397769160e-03
1.232858753131324536e-03
1.105192873974265855e-03
9.324482033476674814e-04
1.183969957024702535e-03
8.991498189807392571e-04
1.044201151403162386e-03
1.115553077249444719e-03
1.122047355560200355e-03
1.218327777730291578e-03
1.173191460929243202e-03
8.959688664608445041e-04
1.063226304746707485e-03
1.168490401032271087e-03
1.093299140181719364e-03
1.219726342590217449e-03
9.898069014466354121e-04
9.882982067087389688e-04
9.654927016606376644e-04
1.028434959470941878e-03
1.061117761959710915e-03
1.067910796130992768e-03
1.087679979431054739e-03
9.511803402760289627e-04
1.023672738425671080e-03
1.126649765626347444e-03
1.032168570849943678e-03
1.156865815055724278e-03
1.108553877298093515e-03
1.124834420854849137e-03
8.176771119738843185e-04
1.022509175716182495e-03
1.066753947082582643e-03
1.089597043502477103e-03
1.110480491882278459e-03
9.126154085666512983e-04
1.221347524177358868e-03
8.471832523593465780e-04
1.077013352321850442e-03
1.022709179261900581e-03
1.116324401087415152e-03
1.105519848435508601e-03
1.335429972528570652e-03
9.426821309170205221e-04
1.025453396076250745e-03
1.099934322410428544e-03
1.062870544017241459e-03
1.034227277721372351e-03
1.201104105573336245e-03
1.069181748559501488e-03
1.133884164389684091e-03
1.180295826746065313e-03
1.095381395742077435e-03
1.234471398622219440e-03
1.008076443594498051e-03
1.128756424100665900e-03
1.045020779329719485e-03
