1.112287654644242285e-02
8.530538495888723149e-03
7.636561611649054365e-03
6.383845938174904922e-03
5.827434045850194561e-03
6.015749958239936107e-03
5.251227479582003255e-03
5.003942395549014488e-03
5.044853758326087872e-03
4.595287222508327718e-03
4.916572248499249953e-03
4.417947693224448524e-03
4.158447826357904858e-03
4.656057883112560414e-03
4.311770307179600692e-03
3.982599189205304063e-03
3.982703087372307937e-03
4.013978101807251508e-03
4.446686220759055175e-03
3.635258274917237131e-03
4.101885146554039296e-03
3.850441766703897872e-03
3.683649887621313901e-03
3.510678732957510373e-03
3.801803784119175272e-03
3.623563266618282791e-03
3.789395165840547114e-03
3.743528940475190220e-03
3.974381740931634543e-03
3.521939945352135087e-03
3.401466790120280526e-03
3.243409413098436583e-03
3.255246486180678883e-03
3.205085826956551726e-03
3.393559703398794924e-03
3.046288271970683248e-03
2.847047566772252514e-03
2.928441990642519782e-03
3.165199833427473353e-03
3.075487336463091775e-03
3.243696716955589421e-03
3.109412203673979358e-03
2.789003450448114541e-03
2.760977303453142351e-03
2.804837862194424492e-03
2.732098623128030590e-03
2.630903361370312554e-03
2.642245118227679046e-03
2.689364661949345675e-03
2.739428124333868203e-03
2.604996222723150734e-03
2.648094865441662921e-03
2.600992804392146529e-03
2.776267542320479120e-03
2.518680224481185947e-03
2.208338961856303601e-03
2.407955056127654425e-03
2.290828346656677283e-03
2.522853425098406377e-03
2.198267401352246853e-03
2.410258867944100464e-03
2.281760238115236594e-03
2.088369024192539974e-03
1.961937621593502767e-03
2.158261853055960799e-03
1.998693530002430135e-03
1.955451800369573112e-03
2.192364501539090238e-03
1.938233716846322896e-03
2.204157179829607793e-03
2.444801867087575270e-03
2.052784618694715457e-03
2.134760476519344252e-03
1.978400363236675064e-03
2.057067383011756956e-03
2.107650437446064590e-03
2.123125590165659410e-03
1.965159277887176120e-03
2.059597976498642180e-03
2.375404958713064896e-03
1.924746236489225520e-03
2.348320777968211648e-03
2.226574094378618029e-03
2.114109743972719668e-03
2.044320532522410361e-03
1.868529675782902577e-03
1.985927063850818908e-03
1.788934993545567703e-03
2.190950715604558785e-03
1.982211685645617755e-03
2.077006734224992601e-03
2.272360914131625609e-03
1.991767873900152086e-03
2.052671291919477142e-03
2.358461653464229840e-03
2.098936203907005027e-03
1.938130555998691246e-03
2.031561717598377725e-03
2.078892297227935559e-03
1.984090982379321105e-03
1.749000215172387407e-03
2.011840516781774474e-03
1.977762788777367303e-03
2.216400531112498046e-03
2.133232020595725309e-03
1.982932690514017243e-03
2.268237264861278080e-03
2.220210679750572041e-03
1.993028912132703556e-03
1.995163957522427117e-03
1.879433813800412273e-03
2.554473676036710800e-03
2.267215323616338096e-03
2.028168670323828027e-03
1.843536387144573130e-03
2.327813949947989819e-03
2.013639270477429744e-03
1.869200219303573246e-03
2.074566633223272338e-03
1.993228222524991156e-03
1.925457123288874112e-03
2.111329103431605625e-03
1.811712167698431575e-03
2.187513279509393366e-03
1.850521038112170474e-03
1.884223130055352746e-03
1.874460329682067772e-03
2.017532030371874119e-03
2.035037202847030796e-03
1.985009614942488676e-03
1.925608032128760250e-03
2.301151079249209169e-03
1.904081622174268879e-03
2.107729846523798134e-03
1.835828872910543613e-03
1.924464421141774961e-03
1.829872385580480487e-03
1.965160852364956912e-03
1.835495550776753554e-03
2.106976988380911825e-03
1.935723159861742204e-03
2.067242227077097094e-03
1.916520538422152031e-03
2.137111962019138528e-03
1.854378120792476992e-03
2.147955666880980996e-03
1.822347361243106811e-03
1.828290889345222242e-03
1.909736696163531755e-03
1.931643069681091007e-03
1.751532975906647249e-03
1.748008967698111427e-03
2.289761085338501423e-03
2.097212303584360116e-03
2.069881600437663977e-03
1.848888246993814211e-03
1.763445634682111324e-03
1.993249681932630912e-03
1.818119423193348405e-03
1.961565844352242821e-03
2.131950458614931265e-03
2.094600903040505502e-03
1.957739965697577467e-03
2.013000404740498961e-03
1.908739131717671067e-03
1.867841433592719314e-03
2.039169707698074152e-03
2.020562336464280101e-03
1.671156791707911066e-03
2.074890014726202270e-03
1.820993346562899823e-03
1.842927720206812003e-03
1.898293749929790691e-03
1.969724193676844481e-03
1.968565591803833614e-03
1.974320169024781912e-03
1.948853207203792709e-03
1.922512655382117852e-03
1.980122516170156055e-03
1.709918262152804180e-03
1.951538258169276813e-03
1.782002870484938883e-03
2.111034344910313332e-03
1.941736544235114770e-03
1.813976266656310010e-03
1.924214887120821726e-03
1.948301545558341064e-03
2.227145940325483964e-03
1.803127305249719453e-03
1.631747543892080043e-03
2.059226116351328684e-03
2.120290364090941793e-03
1.919154866404877702e-03
1.901892561880287602e-03
1.741717774081549125e-03
1.878535367728792482e-03
1.914232009849956007e-03
1.930241938222301140e-03
1.984582295779101224e-03
1.757384658628381724e-03
