1.112287654644242285e-02
8.530538495888723149e-03
7.636561611649054365e-03
6.383845938174904922e-03
5.827434045850194561e-03
6.015749958239936107e-03
5.251227479582003255e-03
5.003942395549014488e-03
5.044853758326087872e-03
4.595287222508327718e-03
4.916572248499249953e-03
4.417947693224448524e-03
4.158447826357904858e-03
4.656057883112560414e-03
4.311770307179600692e-03
3.982599189205304063e-03
3.982703087372307937e-03
4.013978101807251508e-03
4.446686220759055175e-03
3.635258274917237131e-03
4.101885146554039296e-03
3.850441766703897872e-03
3.683649887621313901e-03
3.510678732957510373e-03
3.801803784119175272e-03
3.623563266618282791e-03
3.789395165840547114e-03
3.743528940475190220e-03
3.974381740931634543e-03
3.521939945352135087e-03
3.401466790120280526e-03
3.243409413098436583e-03
3.255246486180678883e-03
3.205085826956551726e-03
3.393559703398794924e-03
3.046288271970683248e-03
2.847047566772252514e-03
2.928441990642519782e-03
3.165199833427473353e-03
3.075487336463091775e-03
3.243696716955589421e-03
3.109412203673979358e-03
2.789003450448114541e-03
2.760977303453142351e-03
2.804837862194424492e-03
2.732098623128030590e-03
2.630903361370312554e-03
2.642245118227679046e-03
2.689364661949345675e-03
2.739428124333868203e-03
2.604996222723150734e-03
2.648094865441662921e-03
2.600992804392146529e-03
2.776267542320479120e-03
2.518680224481185947e-03
2.208338961856303601e-03
2.407955056127654425e-03
2.290828346656677283e-03
2.522853425098406377e-03
2.198267401352246853e-03
2.410258867944100464e-03
2.281760238115236594e-03
2.088369024192539974e-03
1.961937621593502767e-03
2.158261853055960799e-03
1.998693530002430135e-03
1.955451800369573112e-03
2.192364501539090238e-03
1.938233716846322896e-03
2.204157179829607793e-03
2.444801867087575270e-03
2.052784618694715457e-03
2.134760476519344252e-03
1.978400363236675064e-03
2.057067383011756956e-03
2.107650437446064590e-03
2.123125590165659410e-03
1.965159277887176120e-03
2.059597976498642180e-03
2.375404958713064896e-03
1.924746236489225520e-03
2.348320777968211648e-03
2.226574094378618029e-03
2.114109743972719668e-03
2.044320532522410361e-03
1.868529675782902577e-03
1.985927063850818908e-03
1.788934993545567703e-03
2.190950715604558785e-03
1.982211685645617755e-03
2.077006734224992601e-03
2.272360914131625609e-03
1.991767873900152086e-03
2.052671291919477142e-03
2.358461653464229840e-03
2.098936203907005027e-03
1.938130555998691246e-03
2.031561717598377725e-03
2.078892297227935559e-03
1.984090982379321105e-03
1.749000215172387407e-03
2.011840516781774474e-03
1.977762788777367303e-03
2.216400531112498046e-03
2.133232020595725309e-03
1.982932690514017243e-03
2.268237264861278080e-03
2.220210679750572041e-03
1.993028912132703556e-03
1.995163957522427117e-03
1.879433813800412273e-03
2.554473676036710800e-03
2.267215323616338096e-03
2.028168670323828027e-03
1.843536387144573130e-03
2.327813949947989819e-03
2.013639270477429744e-03
1.869200219303573246e-03
2.074566633223272338e-03
1.993228222524991156e-03
1.925457123288874112e-03
2.111329103431605625e-03
1.811712167698431575e-03
2.187513279509393366e-03
1.850521038112170474e-03
1.884223130055352746e-03
1.874460329682067772e-03
2.017532030371874119e-03
2.035037202847030796e-03
1.985009614942488676e-03
1.925608032128760250e-03
2.301151079249209169e-03
1.904081622174268879e-03
2.107729846523798134e-03
1.835828872910543613e-03
1.924464421141774961e-03
1.829872385580480487e-03
1.965160852364956912e-03
1.835495550776753554e-03
2.106976988380911825e-03
1.935723159861742204e-03
2.067242227077097094e-03
1.916520538422152031e-03
2.137111962019138528e-03
1.854378120792476992e-03
2.147955666880980996e-03
1.822347361243106811e-03
1.828290889345222242e-03
1.909736696163531755e-03
1.931643069681091007e-03
1.751532975906647249e-03
1.748008967698111427e-03
2.289761085338501423e-03
2.097212303584360116e-03
2.069881600437663977e-03
1.848888246993814211e-03
1.763445634682111324e-03
1.993249681932630912e-03
1.818119423193348405e-03
1.961565844352242821e-03
2.131950458614931265e-03
2.094600903040505502e-03
1.957739965697577467e-03
2.013000404740498961e-03
1.908739131717671067e-03
1.867841433592719314e-03
2.039169707698074152e-03
2.020562336464280101e-03
1.671156791707911066e-03
2.074890014726202270e-03
1.820993346562899823e-03
1.842927720206812003e-03
1.898293749929790691e-03
1.969724193676844481e-03
1.968565591803833614e-03
1.974320169024781912e-03
1.948853207203792709e-03
1.922512655382117852e-03
1.980122516170156055e-03
1.709918262152804180e-03
1.951538258169276813e-03
1.782002870484938883e-03
2.111034344910313332e-03
1.941736544235114770e-03
1.813976266656310010e-03
1.924214887120821726e-03
1.948301545558341064e-03
2.227145940325483964e-03
1.803127305249719453e-03
1.631747543892080043e-03
2.059226116351328684e-03
2.120290364090941793e-03
1.919154866404877702e-03
1.901892561880287602e-03
1.741717774081549125e-03
1.878535367728792482e-03
1.914232009849956007e-03
1.930241938222301140e-03
1.984582295779101224e-03
1.757384658628381724e-03
1.279442081066063663e-02
9.154271746889285077e-03
6.029586586724998420e-03
4.345562630365062962e-03
4.056855168647788279e-03
3.619678074049517691e-03
3.660203613990019311e-03
3.197570151983065295e-03
2.816690047697786858e-03
3.062152455630760828e-03
2.601120909784024327e-03
1.939932235183097070e-03
2.566874402134187300e-03
2.094481117485703925e-03
2.572786456857961701e-03
2.603006609159526363e-03
1.995447324244926934e-03
2.011168710027707446e-03
2.136629121589045388e-03
1.847194303900935586e-03
2.122715109068674944e-03
1.594740949966706733e-03
1.848436054754494517e-03
1.879126800642637318e-03
1.717356884422323315e-03
1.634014882967535498e-03
1.770325740519378133e-03
1.908951547570623269e-03
1.454955995282381648e-03
2.011646613843731668e-03
1.677597113291746933e-03
1.795034635702959930e-03
1.708722389754183113e-03
1.591485059563642335e-03
1.675274822785403211e-03
1.619516357882010149e-03
1.835614832409630109e-03
1.769711412648325433e-03
1.697298106715160876e-03
1.678384165904163450e-03
1.667643211594006109e-03
1.765716466082069280e-03
1.769170652593743398e-03
1.752488822726373102e-03
1.553260104299972189e-03
1.612918398522140279e-03
1.675618907105935751e-03
1.716219357876056645e-03
1.583451488736987989e-03
1.526104467962224875e-03
1.695024040856918379e-03
1.751222106111685606e-03
1.569189074484632351e-03
1.438082020668692701e-03
1.667410511176820737e-03
1.609927146926197483e-03
1.445980554014510838e-03
1.581558404951069474e-03
1.679436108150217377e-03
1.554659448988769677e-03
1.353133388728181008e-03
1.495884417614577744e-03
1.345034334956148048e-03
1.320773732508551124e-03
1.364883737671740427e-03
1.339918746413731876e-03
1.357145328520395489e-03
1.348952674118136796e-03
1.263205042138108858e-03
1.461108633694307990e-03
1.426174310485184976e-03
1.377939922833231606e-03
1.412137389909730312e-03
1.160155659095815639e-03
1.294340583692155100e-03
1.265380231450577431e-03
1.419740165232621920e-03
1.143997810342259336e-03
1.225521689368985756e-03
1.190493128868416739e-03
1.161974962331231709e-03
1.309665181545370538e-03
1.251608369569133516e-03
9.241339282615897155e-04
1.235461613013535964e-03
1.339501195520592658e-03
1.047328052015392141e-03
1.317724671716688500e-03
1.061967290575047129e-03
1.230131668323607153e-03
1.353023870479690138e-03
1.151817787966778056e-03
9.285579326333212591e-04
1.084708966528104279e-03
1.088882219496947745e-03
1.191787890206127271e-03
1.192286639368309031e-03
1.312484169187791427e-03
1.087226801108509555e-03
1.303255894358409939e-03
1.070064373319544460e-03
1.059415880758852319e-03
1.400063816205995154e-03
1.060972314706538910e-03
1.065073329383339762e-03
1.162566159795635351e-03
9.431831612194616077e-04
1.163717914687077692e-03
1.086237573472009776e-03
1.024231898202748736e-03
1.316042853039444543e-03
9.731342629576214542e-04
1.267486400975979810e-03
9.451139964134977478e-04
1.159801426528321577e-03
1.309313922093206795e-03
1.259700928873494497e-03
1.239508568803594779e-03
1.083649303197535552e-03
1.053605145426989020e-03
1.205981057840182363e-03
1.062452738137494024e-03
9.099286207450082986e-04
1.042281905009326964e-03
1.038157510058687616e-03
9.999918543748126387e-04
1.116935219851539207e-03
1.183926017250348794e-03
9.915796658618129811e-04
1.028451834974353218e-03
9.143348274337284587e-04
1.183355740487959662e-03
1.080174263086888797e-03
1.127615208858803730e-03
1.127293319478910039e-03
9.663227981616118178e-04
1.165502125656272397e-03
8.707419281942033185e-04
1.179533707063206566e-03
1.243101342582500490e-03
1.191246442803640948e-03
1.064023268806474354e-03
1.017307008025283843e-03
1.104014396397769160e-03
1.232858753131324536e-03
1.105192873974265855e-03
9.324482033476674814e-04
1.183969957024702535e-03
8.991498189807392571e-04
1.044201151403162386e-03
1.115553077249444719e-03
1.122047355560200355e-03
1.218327777730291578e-03
1.173191460929243202e-03
8.959688664608445041e-04
1.063226304746707485e-03
1.168490401032271087e-03
1.093299140181719364e-03
1.219726342590217449e-03
9.898069014466354121e-04
9.882982067087389688e-04
9.654927016606376644e-04
1.028434959470941878e-03
1.061117761959710915e-03
1.067910796130992768e-03
1.087679979431054739e-03
9.511803402760289627e-04
1.023672738425671080e-03
1.126649765626347444e-03
1.032168570849943678e-03
1.156865815055724278e-03
1.108553877298093515e-03
1.124834420854849137e-03
8.176771119738843185e-04
1.022509175716182495e-03
1.066753947082582643e-03
1.089597043502477103e-03
1.110480491882278459e-03
9.126154085666512983e-04
1.221347524177358868e-03
8.471832523593465780e-04
1.077013352321850442e-03
1.022709179261900581e-03
1.116324401087415152e-03
1.105519848435508601e-03
1.335429972528570652e-03
9.426821309170205221e-04
1.025453396076250745e-03
1.099934322410428544e-03
1.062870544017241459e-03
1.034227277721372351e-03
1.201104105573336245e-03
1.069181748559501488e-03
1.133884164389684091e-03
1.180295826746065313e-03
1.095381395742077435e-03
1.234471398622219440e-03
1.008076443594498051e-03
1.128756424100665900e-03
1.045020779329719485e-03
1.005081734898682910e-02
6.855443564816245117e-03
5.922162565583498350e-03
5.230585518551787716e-03
4.477641192179838969e-03
4.075653858908540039e-03
3.281342389368731294e-03
3.326011882062447633e-03
2.934599098294698311e-03
2.883169331600654584e-03
2.641446471152095188e-03
2.614916270237927637e-03
2.455341609490343385e-03
2.622830060981021921e-03
2.556914586633485253e-03
2.641598714277534898e-03
2.775042077267982077e-03
2.302662326991243569e-03
2.612983516954395236e-03
2.460112305586320547e-03
2.686640382267138638e-03
2.421533161140382306e-03
2.456222422612931722e-03
2.631485730614620266e-03
2.222915571587151529e-03
2.248351063946277956e-03
2.655592569234310751e-03
2.110759306383207246e-03
2.376705414717437265e-03
2.373535287556155504e-03
2.220755537208751046e-03
2.315512482880907608e-03
2.323753980707915501e-03
2.097433912884669877e-03
2.255691280333177451e-03
2.038392650570639009e-03
2.282804599303894094e-03
2.190124567320241022e-03
2.381568059036671958e-03
2.113821358630019881e-03
2.252798399336633506e-03
2.432041515313079771e-03
1.967390470723313911e-03
2.087569347623299126e-03
2.171814176370592819e-03
2.157942116708173874e-03
2.056563760530566443e-03
2.021597981580195574e-03
2.130798982057317131e-03
2.098068961147957906e-03
1.891148835938910588e-03
1.874967012320091081e-03
1.965360571118474758e-03
1.997384713235860615e-03
2.011194792072488330e-03
1.996700890065119388e-03
1.836059677234911508e-03
1.814409318177948732e-03
1.967634525334431561e-03
1.936946297410958862e-03
1.865660804278079787e-03
1.924328560272643707e-03
1.856558551527578288e-03
1.952691749359122819e-03
2.021243940720750254e-03
1.980604274548481564e-03
1.696961522721317922e-03
1.773442793796511235e-03
1.988767014622586787e-03
1.683920920719013392e-03
1.882305931895297824e-03
1.904256798456398225e-03
1.863086579278951105e-03
1.744315746730402961e-03
1.876666529072090750e-03
1.775198106468540982e-03
1.805420929017687720e-03
1.872823905612511219e-03
1.666160777824169520e-03
1.855166518005477161e-03
1.732880279225863795e-03
1.763551268711333053e-03
1.872360223147153530e-03
1.705125011887506647e-03
1.806650472894633097e-03
1.733289958625677807e-03
1.761919014519237187e-03
1.677043031465930145e-03
1.753419976881751691e-03
1.773924693639329642e-03
1.717913339723702026e-03
1.777063618257117977e-03
1.880282970229529144e-03
1.830425576548215527e-03
1.853439840335521782e-03
1.724564404990129585e-03
1.662412015792980036e-03
1.737701106978749993e-03
1.858801013959049397e-03
1.640215419680825237e-03
1.770102648809467050e-03
1.879076359464774276e-03
1.767544052287264161e-03
1.800546389361563915e-03
1.726036297366340122e-03
1.746502704620192525e-03
1.780041321421378664e-03
1.938926647021294719e-03
1.793463900384047183e-03
1.727766446034038200e-03
1.840712843689761707e-03
1.759768490705769517e-03
1.762348000888383504e-03
1.591532016284608747e-03
1.680915082739348199e-03
1.697976951028336290e-03
1.501852594939737801e-03
1.798467153065252955e-03
1.585597750516053173e-03
1.611069513659225960e-03
1.848578918981026720e-03
1.984125341647623164e-03
1.623942311326218024e-03
1.659156405887780156e-03
1.514608605213366155e-03
1.467577129442454442e-03
1.778005411822169285e-03
1.702570219338259833e-03
1.661337683373904917e-03
1.648737588581021540e-03
1.443191231913706907e-03
1.638026057775958388e-03
1.762054500627687620e-03
1.726802460197213174e-03
1.628297765100244349e-03
1.460588202483684844e-03
1.485883120955912295e-03
1.866111724363701124e-03
1.663348406302000981e-03
1.398131243054583778e-03
1.663019691713809450e-03
1.555172531453319351e-03
1.900371950746118643e-03
1.962164580477095827e-03
1.597992284505689309e-03
1.582808472920204518e-03
1.652824302627649289e-03
1.748120180095520670e-03
1.828206144522049464e-03
1.780332747959353229e-03
1.677323052377405893e-03
1.796492122309010370e-03
1.705883921908159240e-03
1.672160634998188372e-03
1.587093531062948315e-03
1.569354049887502350e-03
1.674634264789073845e-03
1.595762558771425532e-03
2.044925347910210578e-03
1.558685993897822308e-03
1.699190503162112398e-03
1.685857240031569948e-03
1.674783928451911708e-03
1.574408459658276083e-03
1.823909109247161958e-03
1.753533027606134220e-03
1.671597724136351937e-03
1.604895986336733055e-03
1.571536028142084263e-03
1.638739700890859408e-03
1.827344406522272285e-03
1.483379602829085209e-03
1.738779277796153461e-03
1.812906089822839684e-03
1.840307898338874870e-03
1.645218840507986502e-03
1.655801133255963703e-03
1.966826350787504590e-03
1.479539113243381887e-03
1.573831850064728172e-03
1.529916544147927326e-03
1.490600062041717161e-03
1.783790806742534263e-03
1.543273024674364502e-03
1.750063675362015930e-03
1.455358132605544946e-03
1.581039073338223744e-03
1.536676259292057284e-03
1.784311427221834528e-03
1.391055168120526597e-03
1.605757541786163867e-03
1.624102450869500253e-03
1.606875689069350854e-03
1.599093974857426770e-03
1.453381440931163227e-03
1.717541111776289126e-03
1.605593565890666569e-03
1.417564785104560854e-03
1.693643911507600186e-03
1.659618670679558622e-03
9.956895535148224674e-03
6.498454628101793529e-03
5.569284025141188477e-03
4.812652244053128997e-03
4.697535372560977807e-03
4.330495417141966980e-03
4.240336346682031105e-03
4.392238541445468020e-03
4.310646774288134919e-03
3.931183572907875207e-03
3.796160738889421682e-03
3.605217411933637345e-03
3.233954846370311331e-03
3.007377914719736034e-03
3.791639619631193003e-03
3.136965295131459441e-03
3.334102049132744994e-03
3.450643581416605599e-03
3.082395441453042451e-03
3.169481746549084739e-03
3.198249731727859091e-03
2.998248848259641580e-03
2.966888180991320012e-03
3.143539835118818598e-03
2.655944038087224707e-03
2.559886614048233200e-03
2.834884527594953157e-03
2.734502641426075215e-03
2.882947277665436070e-03
2.701867469748951700e-03
2.819318796514980185e-03
2.774783396347124675e-03
2.328976419843944295e-03
2.725541118844161670e-03
2.604349560116566570e-03
2.543433554649740524e-03
2.668218484283026853e-03
2.461121161080794678e-03
2.609294443730699603e-03
2.591644646272258518e-03
2.556900178914352922e-03
2.750332508896249223e-03
2.347622597113390580e-03
2.390499423021264641e-03
2.288391365565911606e-03
2.275257661009281313e-03
2.222430775247231927e-03
2.222056663761691475e-03
2.336508753507125780e-03
2.091417887200696518e-03
2.022874158294010738e-03
1.987633283110148974e-03
1.941936450223290950e-03
2.173659582060064738e-03
2.443005608423851061e-03
2.136519703572897777e-03
2.375239685950675944e-03
2.280081103257933228e-03
1.978388198032487305e-03
2.224755081736990575e-03
2.058238368367711763e-03
2.120812373483646485e-03
2.178606585892799152e-03
1.984704883305411782e-03
2.258812176619915540e-03
2.013947147125785819e-03
2.104600265114709573e-03
2.043524119780402298e-03
2.367812148550536844e-03
2.103031403116534942e-03
2.037658620302133794e-03
2.187486961315557310e-03
2.125921033859345249e-03
2.081199124326554850e-03
2.239634782756280695e-03
2.030368305909045767e-03
1.935920695796396890e-03
1.725753539871560660e-03
2.094593624800508702e-03
1.841666760718341234e-03
2.204651029701645837e-03
2.127741036532463520e-03
2.034292224394333021e-03
1.922776776269539273e-03
2.113981194788366880e-03
2.174108474994246309e-03
2.106488100399612345e-03
2.191275051286602910e-03
1.901062198857869645e-03
2.068608395306967274e-03
2.009395335796661936e-03
1.856846305277982251e-03
2.064832087092176305e-03
2.120515498131227139e-03
1.948387364793521120e-03
1.943868336849487177e-03
1.999202125337985053e-03
1.927224421999433612e-03
1.801636114520208110e-03
2.258665608018444598e-03
1.791650395338392765e-03
2.081856001524492322e-03
1.995891516950999006e-03
1.963652846065824797e-03
1.778346781705873736e-03
2.017448005943812961e-03
1.866331580501270904e-03
2.036846651168478656e-03
2.047057193354372140e-03
2.191679294790041532e-03
2.327252142786454675e-03
1.768255932850050505e-03
1.677530685944620542e-03
1.944827658282358845e-03
1.917744365938847673e-03
1.768770167619844458e-03
1.710969065297260339e-03
1.770633505427568477e-03
1.908274435440195788e-03
1.815001998057660937e-03
1.997838577177370178e-03
1.899026712456328148e-03
1.884422903314766917e-03
1.878888288572320986e-03
1.655449123532971856e-03
1.870626706640378389e-03
1.973140445147614913e-03
1.805631075531569096e-03
1.966179043687728972e-03
1.726311429322287261e-03
1.863408436367557097e-03
1.945840394436959553e-03
1.897933185185753102e-03
1.894679386243647984e-03
1.881676623892804268e-03
1.987087590036636098e-03
1.661834840734090907e-03
1.788242022944315501e-03
1.725727974638692486e-03
1.953691226985805607e-03
1.976199594192325215e-03
1.765081143986720058e-03
1.706111653764073866e-03
2.065047002053524428e-03
1.816088262443012191e-03
2.024598315002471005e-03
2.038375571415635551e-03
1.850812480568109902e-03
1.904989794627928723e-03
2.150109614849946005e-03
1.930952588153646982e-03
1.991141136882708385e-03
1.690426398247499296e-03
1.941421892601997989e-03
1.822017768133836479e-03
2.007316517453925503e-03
1.960169978380055245e-03
1.732321298151422162e-03
1.958116190205052426e-03
1.887879968587413693e-03
1.907556731840495678e-03
1.877264223651944203e-03
1.854646226111141688e-03
1.758212798073963135e-03
1.716065727503445631e-03
1.621833484554323357e-03
1.925141847314106036e-03
1.961695638844879186e-03
1.917615112895326018e-03
1.695384603788839539e-03
1.984821938033846239e-03
2.005841633596579243e-03
1.935623500650761331e-03
2.042253785410490935e-03
2.077510741786730425e-03
1.906378535243131306e-03
1.856378390028490949e-03
1.933598178822892172e-03
2.176368697016629883e-03
1.809192664751393953e-03
1.784765088449442871e-03
1.921750435876560387e-03
1.791843912936540162e-03
1.962540518813553347e-03
1.914945996213109763e-03
2.044895102284872979e-03
1.943634530323375131e-03
1.985683450877354789e-03
1.835475350616681128e-03
1.932188589885183716e-03
2.065989019641816665e-03
1.762806616965005568e-03
1.987408768286916261e-03
1.724249842446085729e-03
1.875031481640636322e-03
1.997769604011698230e-03
2.005617514235731591e-03
2.013467661123268665e-03
1.712746645555644764e-03
1.947031779161015330e-03
7.685706797457121653e-03
5.991138963368197734e-03
5.348041384330849690e-03
4.538520540580612272e-03
3.667359197543171301e-03
3.210653903779073226e-03
3.045625401847065761e-03
2.765882956845246154e-03
2.568073166069953506e-03
2.334503084928128691e-03
2.173618437170524165e-03
2.184012481264097083e-03
1.895609553220559129e-03
1.739383178075870617e-03
1.725880427883637325e-03
1.583515565626456012e-03
1.427452011407544241e-03
1.530209270168628177e-03
1.481806894466905500e-03
1.370843317070519207e-03
1.371951211355543904e-03
1.477036361964667588e-03
1.229483672499843971e-03
1.298175655268202916e-03
1.179323376351744390e-03
1.116687693453192326e-03
1.141313798271752222e-03
1.019090862181135787e-03
1.301165459319027218e-03
1.032096105585560836e-03
9.899778995595825970e-04
9.087891982651509493e-04
9.276889321891343410e-04
9.377221052351662756e-04
7.518845072594163015e-04
1.040010111502939760e-03
9.540997972005416106e-04
1.128821547561484340e-03
7.609177492415089561e-04
1.036493614644459771e-03
9.242762136143084506e-04
8.624528305252315841e-04
9.427285471012430973e-04
9.716799544812297629e-04
1.014482241542040419e-03
9.381826896698239326e-04
9.529636050578729756e-04
8.314375113322586275e-04
1.184770374448800012e-03
9.692937957459860088e-04
8.593387877546751485e-04
7.904822617160744969e-04
8.220349983109158376e-04
7.481573065834731806e-04
9.236584648426859889e-04
1.122710570816289055e-03
7.616227362063771045e-04
8.607916155027039995e-04
9.898873747383706012e-04
1.005152539802788014e-03
8.522077970528549318e-04
1.035038807502337843e-03
1.082832085792864718e-03
8.044606148057756312e-04
1.015862565497627212e-03
8.038594075194388511e-04
9.391943301436285474e-04
7.260582319073075053e-04
7.940183391885041742e-04
1.009767334316936938e-03
8.520797544935600210e-04
8.590554670778634272e-04
9.572658683099088961e-04
9.376192048749475150e-04
9.343342171097904214e-04
8.201847298299203004e-04
9.221037633745446382e-04
9.361941655637168180e-04
8.649163041372885663e-04
8.167047141795363840e-04
1.088078771783101972e-03
8.129978867107388874e-04
8.405219733419629080e-04
1.013004240395055933e-03
7.917760854820737881e-04
7.596196288280135378e-04
8.761761781014183736e-04
7.511874247439417895e-04
8.856145202165016661e-04
8.462872579995152356e-04
9.176600880200294630e-04
8.118048759922918967e-04
8.551310740752479655e-04
1.104942676563941406e-03
1.101943631346517793e-03
8.651870963564331496e-04
9.715280388264135869e-04
8.311910744307170196e-04
9.430672989268196194e-04
8.787531708858847823e-04
8.473008001595727645e-04
8.234379548113096581e-04
9.051216901452378838e-04
8.966457318183955472e-04
8.469963584026643511e-04
7.448111298789250601e-04
8.580493675292497069e-04
8.909519404319936331e-04
7.157538298376460439e-04
7.824959042987411628e-04
8.246143294754551545e-04
9.700587021354567518e-04
7.935059666235623477e-04
8.569434067951173239e-04
1.094634533635806262e-03
8.474207499853600445e-04
8.938234463753344516e-04
1.019932487390889236e-03
8.040501118603306241e-04
8.445508616565719495e-04
1.067427040127983534e-03
7.557696804941713142e-04
7.740420806970418899e-04
6.131847167782714103e-04
8.096424819319728017e-04
8.105387991184168084e-04
9.525021178537138034e-04
8.729142430356495730e-04
9.218869411144817172e-04
8.613013183195114553e-04
9.358019033794996722e-04
7.393475644033691008e-04
8.952766110724846849e-04
7.568904073574911351e-04
7.109385245201368941e-04
9.182125767469052902e-04
1.045811616395476984e-03
8.086046921905939988e-04
8.185830940713734183e-04
8.328061113548265726e-04
8.575907221199108310e-04
8.183490308509011602e-04
8.901999340867501609e-04
8.234333145729980097e-04
8.233302292104151265e-04
9.803410372507814774e-04
1.019295742457466958e-03
9.326148096315996228e-04
8.991822581765965272e-04
8.346551510634639404e-04
1.009881908834501379e-03
9.963437471653541211e-04
8.923843501776815290e-04
9.093229460425886201e-04
8.650345257468008975e-04
8.665036106364210067e-04
9.436738345182452137e-04
7.040561465678496500e-04
6.803569166781292532e-04
8.686101049875036284e-04
8.807765092668992657e-04
8.570912885504620993e-04
9.030174774755719835e-04
7.894539062090755177e-04
9.149352914661450231e-04
9.175852408211636335e-04
8.182632069800993557e-04
8.078977805263364009e-04
7.125327149203712629e-04
8.634912021453985953e-04
8.759112285530237796e-04
9.816929490605932895e-04
8.534075514428154929e-04
9.684861154247610682e-04
9.986391456317939008e-04
8.325492364855344163e-04
7.243071495971198370e-04
8.038357258987847975e-04
7.712293829054625571e-04
7.202876987935404041e-04
1.006165545509214027e-03
9.819151967794606528e-04
9.700802505678424170e-04
7.306115885443130453e-04
7.826902966369224390e-04
6.158392976780627248e-04
9.658387364585158119e-04
7.893922691681251602e-04
7.775106764491904188e-04
1.025216079714865586e-03
7.141798838279402040e-04
1.098626916210869442e-03
1.055026788691036665e-03
9.336199632115488312e-04
1.062413422176427397e-03
1.006882306383793946e-03
8.770774497095096267e-04
8.997398965398181736e-04
8.529995806224460742e-04
8.811369498934011613e-04
