9.572903241395161467e-03
6.734696106452366104e-03
5.898209079123799270e-03
5.382981213307533319e-03
5.005123911285686011e-03
5.161703574955843477e-03
4.609977043008951780e-03
4.145526040526585632e-03
4.081374631721611246e-03
4.184841970781165432e-03
4.020364296491635292e-03
3.231572493509363847e-03
3.033504301331254455e-03
3.430525623453105355e-03
3.247012351726231982e-03
2.986976323563393654e-03
3.010222982985921725e-03
2.936448230941038351e-03
2.713787651943903867e-03
2.614222478073344180e-03
2.570153092432143904e-03
2.368855841532430118e-03
2.581200024711714086e-03
2.482571084956985280e-03
2.556798473814098083e-03
2.633100038025523032e-03
2.323116298586228728e-03
2.649903827244930871e-03
2.426198266036974638e-03
2.503911755401194011e-03
2.327012037930238642e-03
2.435542143806385812e-03
2.567953430773761703e-03
2.506448982758383015e-03
2.168188115763525214e-03
2.213210275173089353e-03
2.348285957084920300e-03
2.438529622608313907e-03
2.104923993088307632e-03
2.434422449803196747e-03
2.306487368264040216e-03
2.460910171744903202e-03
2.401166672582506767e-03
2.529927933784408695e-03
2.285766765709219828e-03
2.369202337838050010e-03
2.163035423510192845e-03
2.271463517806417143e-03
2.452506362537937301e-03
2.318631433315010426e-03
2.168847507159885057e-03
2.333785847518022455e-03
2.556158112995615683e-03
2.419581725577428510e-03
2.304889139483325133e-03
2.315518519945075626e-03
2.449031107722540040e-03
2.154526034705325777e-03
2.309502492192760242e-03
2.392752643601597090e-03
2.533975960084047796e-03
2.697530515127489342e-03
2.491057348397541366e-03
2.047851617279428799e-03
2.150574077712463783e-03
2.085635079286576182e-03
2.407294240557286691e-03
2.447208068019294386e-03
2.175191107809542473e-03
2.563864385692806586e-03
2.489107293952668581e-03
2.674521978874300210e-03
2.666063525313015076e-03
2.181748528366087708e-03
2.348952755762915429e-03
2.141346452977067882e-03
2.386519763172247760e-03
2.119241868737103962e-03
2.163590690601777111e-03
2.626646856699707544e-03
2.212258810042704721e-03
2.464674312533325640e-03
2.288868896559961147e-03
2.343172910058193004e-03
2.167733567066364164e-03
2.167818514122621387e-03
2.290576868152940926e-03
2.084386825733804821e-03
2.468597626575624177e-03
2.222715366350214161e-03
2.281583496135618921e-03
2.194220073010549193e-03
2.572624065797304155e-03
2.445211870335951831e-03
2.301186328174911061e-03
2.173127680460434918e-03
2.181407361369423759e-03
2.093376409390362847e-03
2.170875112740701385e-03
2.516728120720543999e-03
2.327830324438191073e-03
2.237106404171049917e-03
2.378552620720869593e-03
2.169559562189567192e-03
2.507867325793774332e-03
2.342884482310941124e-03
2.365888192839143978e-03
2.347532648797640009e-03
2.243209327899151756e-03
2.291142212508544967e-03
2.469433402660939358e-03
2.447745700511410466e-03
2.498889072212365225e-03
2.136651452997011258e-03
2.213054673602849604e-03
2.543788880651848272e-03
2.279192606126686366e-03
2.157652397279989642e-03
2.215760399198525576e-03
2.285775961196126471e-03
2.390737188899400012e-03
2.071340866205254733e-03
2.215488314616941706e-03
2.591413624175042257e-03
2.255032407498112207e-03
2.213166185574044764e-03
2.208718012309440065e-03
2.101887218766983895e-03
2.337124744945733024e-03
2.185513376080968490e-03
2.420340593768131876e-03
2.428460842184083229e-03
2.645883512653903619e-03
2.192204234167417776e-03
2.359217107097563715e-03
2.159013495771619495e-03
2.353176273048807748e-03
2.210019943263401981e-03
2.156129316149470870e-03
2.451806013009486668e-03
2.257566905966332249e-03
2.453997993215023543e-03
2.225647266112962264e-03
2.188525898957911775e-03
2.202852439703067294e-03
2.161087553641520553e-03
1.986029669461118752e-03
2.486951483149021924e-03
2.446462792758910543e-03
2.286493495140755339e-03
2.093404832965890805e-03
2.170101294214590859e-03
2.222588329716661260e-03
2.372492480713181418e-03
2.064619775535986301e-03
2.389811061099728073e-03
2.253675300427877143e-03
2.309221301106598179e-03
2.196748403644432218e-03
2.259577717238798328e-03
2.246541706003496452e-03
2.281793028999487549e-03
2.169366700405354204e-03
2.253220243672582335e-03
2.599222926003376399e-03
2.087079018498843447e-03
2.395174411249798019e-03
2.076277901205063336e-03
2.234034503667863686e-03
2.450470161749554454e-03
2.501415678101068241e-03
2.390519187600081974e-03
2.424604049331098576e-03
2.368847340993789075e-03
2.211714514334113535e-03
2.218500703406550006e-03
2.457412654313567701e-03
2.509871833817255149e-03
2.064874885315065578e-03
2.544621317407541605e-03
2.287404903809544393e-03
2.284067071029745322e-03
2.231464231411330046e-03
2.215088344756491190e-03
2.282927051298684618e-03
2.300889763089068035e-03
2.299252067886455031e-03
2.336317667627332839e-03
2.129474266365782853e-03
2.171078865066275454e-03
2.267571021191006758e-03
2.480357599377952527e-03
2.389068305518847468e-03
2.359273599661648735e-03
2.118389964940594478e-03
2.553622515833901818e-03
2.254147755397797881e-03
2.409033550927912326e-03
2.234006385074156775e-03
2.437746008358533667e-03
1.239900024902231002e-02
9.165938750422344267e-03
5.985269933659428943e-03
4.236032387882338046e-03
3.398812017297993954e-03
2.801729809003339344e-03
2.877049810983363376e-03
2.188783540926955706e-03
2.124707504225484267e-03
1.977480269623722864e-03
2.408468859586988808e-03
2.027098627069214010e-03
1.859815350003304890e-03
2.038057538744475483e-03
1.908193559875669132e-03
2.236428152905610423e-03
1.966087430780048828e-03
1.681892269491586100e-03
1.955041234922617194e-03
1.859129070401199790e-03
1.989316685394825618e-03
2.051112381617266334e-03
1.634776543263841142e-03
1.661169134046742990e-03
1.803528892718474219e-03
1.556202332236175656e-03
1.768002504153640131e-03
1.744701690804525973e-03
1.745921069133293813e-03
1.712248327985360641e-03
1.902187735573660637e-03
1.965627633932542917e-03
1.556435910793914357e-03
1.599308576460886644e-03
1.543309377409853023e-03
1.824146094992002559e-03
1.813726530481254290e-03
1.342864837440491121e-03
1.716042945019854993e-03
1.624796243271421636e-03
1.474110534480554263e-03
1.580740562649458891e-03
1.588764718995501479e-03
1.550297356101446034e-03
1.580339385463237767e-03
1.540217496204580871e-03
1.609749255856100791e-03
1.584736455150649592e-03
1.475629757417062232e-03
1.436215118407149771e-03
1.332842893457940325e-03
1.588420741632675520e-03
1.675212742327712029e-03
1.363971276822896483e-03
1.521714557391314060e-03
1.342435378809146707e-03
1.299837617521247546e-03
1.429683178416785855e-03
1.281777611241742554e-03
1.382244143672405057e-03
1.399194312146856412e-03
1.436629130478060679e-03
1.322214006549082832e-03
1.643345352876898757e-03
1.394413956286800343e-03
1.275574786442121300e-03
1.567281765822332862e-03
1.630596392423869223e-03
1.381337311447440597e-03
1.424502075446022059e-03
1.334349923695944684e-03
1.420552323574152120e-03
1.567464443945718044e-03
1.478297914334340823e-03
1.309662757709408737e-03
1.635608791459193523e-03
1.305952800196137631e-03
1.497108832060320416e-03
1.421016610660894020e-03
1.551096583497627024e-03
1.098724253350676083e-03
1.499488947453754550e-03
1.325423219181172396e-03
1.117498088865853667e-03
1.440710556259917896e-03
1.273173845744823840e-03
1.270087484975201964e-03
1.241238392203927732e-03
1.192540460204477570e-03
1.230687769203150234e-03
1.116578605183958517e-03
1.406384954178052649e-03
1.216327265448985395e-03
1.272931522538815752e-03
1.342272592021017535e-03
1.127316733785785341e-03
1.253639315824697092e-03
9.527223777415633199e-04
1.296515604804066024e-03
1.201186180907601320e-03
1.023936941735054118e-03
1.186488971899355566e-03
1.040407242430787388e-03
9.710371349333779545e-04
1.205902078561027491e-03
9.253023331040541311e-04
9.633888188901977567e-04
1.014206665154039622e-03
7.685763411483595431e-04
7.015682461813596560e-04
1.028006966673562089e-03
9.550882016620201864e-04
9.527594409283468568e-04
7.196024075850626645e-04
7.894444853887086500e-04
5.752260213520640764e-04
6.212704144919756200e-04
6.495754093390274098e-04
7.585799637102319526e-04
4.326894473639097960e-04
6.009569878867582204e-04
4.963128123017038207e-04
6.027840460789239685e-04
4.504300888091700150e-04
5.745870266690260297e-04
4.897966832903624668e-04
5.364090148415323611e-04
5.140164216728554392e-04
4.036911094338832551e-04
5.080237818518400228e-04
3.636778995911513213e-04
4.850691290349436191e-04
4.275408552662542105e-04
5.674847780696642974e-04
5.045242543635850008e-04
4.756704570948525057e-04
2.927526306344754858e-04
3.421162223634435784e-04
4.263551570174717309e-04
3.156022286803297772e-04
4.337785721057162147e-04
4.242551686137498168e-04
3.732559420279307760e-04
3.218570587830323071e-04
3.523592641847539397e-04
2.970560601712676774e-04
4.314162031853370494e-04
3.064165305037697129e-04
3.511670708748297620e-04
3.319702560394162394e-04
3.778517585711627103e-04
3.810261797860502175e-04
3.535123585807070645e-04
2.797624059370576455e-04
3.381171358409207350e-04
2.412414069144774853e-04
3.315202912731046725e-04
3.414459041805179007e-04
3.677871949543040642e-04
3.515702632795672522e-04
3.296345738196537756e-04
4.605085712565404332e-04
3.431735086347198482e-04
4.234288763565463576e-04
3.658181845881403049e-04
3.434709106284808411e-04
2.776461278623798545e-04
3.643759038572114139e-04
3.619847114069846272e-04
3.905057050509544436e-04
4.546509854333330436e-04
2.846452118004660914e-04
3.694549283602896472e-04
2.717592367010024379e-04
4.139667532055968380e-04
2.645712719723802842e-04
2.713555254700919517e-04
3.265895274723179531e-04
2.413259685125346277e-04
2.234083561345884261e-04
3.029253085691380187e-04
2.456677544035411331e-04
2.927567183035537091e-04
3.313637487678128268e-04
2.903014570884779322e-04
4.038115637091041488e-04
3.840573366251584519e-04
2.844465560147835248e-04
2.759675538253313076e-04
3.185359924532255027e-04
3.787607710994331245e-04
4.968364598855676273e-04
3.273273198387445515e-04
3.159186015630685573e-04
3.013958576939951284e-04
2.530935857308763692e-04
3.427253430122075006e-04
2.779486236697131796e-04
2.826740666381950817e-04
3.255864247580786408e-04
8.228594086600621305e-03
5.538082976311444611e-03
4.460916762004517311e-03
3.669906264377881255e-03
2.973820585854429488e-03
2.622499834014763859e-03
2.096051279417740498e-03
2.176093795463553138e-03
1.536608456616316010e-03
1.664871891680595739e-03
1.811179176804560143e-03
1.236807729865618821e-03
9.657249259397114594e-04
1.228466804826910952e-03
9.968212597575507039e-04
1.045780284746198469e-03
8.159811446251108435e-04
6.865512592538237924e-04
8.070214447622042764e-04
5.811617477172459356e-04
5.239288827536721371e-04
6.521415141563374762e-04
5.653105608930328319e-04
5.485264317067820028e-04
5.222168820982371618e-04
5.453579759170934516e-04
5.583584039972541713e-04
4.755577634021623812e-04
3.198525625212056411e-04
3.820177848589123570e-04
4.450052761286113490e-04
5.083624738280688449e-04
4.960093932658664329e-04
4.524814650306852037e-04
3.634988224550383951e-04
2.611720178483760424e-04
3.452205880939279714e-04
3.500380397355382089e-04
5.491279111612401564e-04
4.173584780424975660e-04
3.382327857290069739e-04
4.146251091965563740e-04
3.376302512903342490e-04
3.588611114785922318e-04
3.308278207487871936e-04
3.193383616127143387e-04
3.569406391541046775e-04
3.526366512601741832e-04
4.580492627917556736e-04
2.790721458780717756e-04
3.230744019507916787e-04
4.467355659127821010e-04
3.086285876589059396e-04
2.122093338524297379e-04
2.461654778159842738e-04
3.844118616611116868e-04
2.986155008110405462e-04
3.632593246199189441e-04
2.562640312135933129e-04
2.773253924381741120e-04
4.179913833744358653e-04
3.529580181512066706e-04
3.319238583217240524e-04
3.961026670427011953e-04
3.824302545950356014e-04
3.715954506001706292e-04
2.998226828059627480e-04
3.508631538742153222e-04
2.966549764359671659e-04
3.855848501450181987e-04
3.105627221679924110e-04
3.405814925508954261e-04
2.534711130136590995e-04
2.554846942772401319e-04
2.827721052468881724e-04
4.097745550637049705e-04
4.007117449376512708e-04
4.004573944325073853e-04
3.818842940331024227e-04
2.976771469790605307e-04
3.283297013855282498e-04
2.412215900579814387e-04
3.208763930533584108e-04
3.711576389550247379e-04
3.582313088825311853e-04
2.275978101885373084e-04
3.765948695872364804e-04
2.786627580325488907e-04
3.397762637620815873e-04
3.878315049419198135e-04
3.408451989858757303e-04
3.069154541054976149e-04
3.013452994711993127e-04
2.645546567321618858e-04
3.784251120523413059e-04
4.396042212780303104e-04
2.600793347892899066e-04
2.850798475898877471e-04
2.659610467950213053e-04
3.068811962301104534e-04
3.412813561949612495e-04
2.450108264217890075e-04
4.076700929321469546e-04
2.439433134467025588e-04
3.134521545752194660e-04
3.970487682986162392e-04
2.920522053105820137e-04
3.610839716293445800e-04
4.623189555528345318e-04
3.478520645865609828e-04
3.832961586427569012e-04
4.123659880279004208e-04
3.249041416594142251e-04
2.835015100443871727e-04
2.822579929253471454e-04
2.562539347992082162e-04
3.146109174564717947e-04
2.893034048053258478e-04
2.026720264202835908e-04
2.706326399773903435e-04
3.539528970923633278e-04
3.209683301327176386e-04
2.859020470778322887e-04
2.561979955389148689e-04
3.028963320705624351e-04
3.522159047726902692e-04
2.288375168087372624e-04
3.149492792218384907e-04
2.778773228583573951e-04
2.570678709914869797e-04
4.074198490924899052e-04
2.729202129976467106e-04
2.822068904207754303e-04
3.671891038736704860e-04
3.676073551210565227e-04
3.447489655217170212e-04
2.340243623027635222e-04
2.677332898857881505e-04
2.507378846661190153e-04
2.512572627624241883e-04
3.250119640048863834e-04
3.078568291658492773e-04
3.340483821438547385e-04
3.452878904413592132e-04
2.208628563077248697e-04
4.007391345856384235e-04
4.040052719360733013e-04
3.497507472087005298e-04
2.626856455185538897e-04
3.452521327051844002e-04
2.393808765612723266e-04
2.964927318231912190e-04
3.140205045953151086e-04
3.876922453612055564e-04
2.347014716018586133e-04
3.262664235601578366e-04
3.347404872457333813e-04
3.512455785844061096e-04
2.744189610312877670e-04
3.499904799464936822e-04
3.595939072868550856e-04
4.426367026703417751e-04
3.224966789258064404e-04
3.578843874567846917e-04
3.248543666110118022e-04
2.730195671604984664e-04
3.822548513198742448e-04
3.080703783313876176e-04
4.197236722329987513e-04
2.256290186641099482e-04
3.315642706901746062e-04
2.953745673979005226e-04
3.039403146942731837e-04
3.019814788370739356e-04
4.253392181840162656e-04
2.620524264504570100e-04
2.884057046569146743e-04
3.218256427351406934e-04
3.340540185854112831e-04
3.939733654629781756e-04
2.481423729745746432e-04
3.357505743932856501e-04
4.313200741601630472e-04
3.045905762494166558e-04
2.379416575219658880e-04
2.611492613396187989e-04
3.220906584225705083e-04
2.384887194811918798e-04
2.312821656729469044e-04
3.098194764791159517e-04
3.226318392338077545e-04
3.901795804984800609e-04
1.859201737688942480e-04
3.378547529549504047e-04
3.248766307910114226e-04
4.055809711177270349e-04
2.799558737299409628e-04
3.488460935058591839e-04
3.004433665117905994e-04
3.074730789394269914e-04
1.061394685358292567e-02
6.371184308346405922e-03
5.335154128344711533e-03
4.437405051546220586e-03
4.072984939878700889e-03
3.445447298552305193e-03
3.453854179845755601e-03
3.312446501655463837e-03
2.543266628563141396e-03
2.521978537260549658e-03
2.395941359038755714e-03
1.972906139537065895e-03
1.867278931705153994e-03
1.738318562140718504e-03
1.560021988046673969e-03
1.520668120258122230e-03
1.523333455617621734e-03
1.177540225868210777e-03
1.194065916077784173e-03
9.718282538766359613e-04
1.056703199644161428e-03
9.875646054576872612e-04
1.003845392413958704e-03
9.469748187967974573e-04
1.108323381908242478e-03
8.941231224073031836e-04
7.670049338209979084e-04
7.182542627967372639e-04
8.030881121312283266e-04
8.156290947208960640e-04
7.870853001282485106e-04
7.389710931657231252e-04
7.444660847768166945e-04
7.373124845106611425e-04
6.736078640805151507e-04
6.816660602935072089e-04
7.689834562463540579e-04
5.943785253401459578e-04
8.485922909696186345e-04
5.623588207157720342e-04
6.042933559232271934e-04
5.294916408490960014e-04
5.644811328787829874e-04
6.461184490033564098e-04
5.271835907931926579e-04
5.742361565142864444e-04
5.150415210552622414e-04
4.972453292766132460e-04
5.505766217060031886e-04
6.136589880145829068e-04
5.455175158284239489e-04
5.116139245857562190e-04
4.509941460630363663e-04
5.246299661013087423e-04
5.575200514994042844e-04
4.324778331156291233e-04
4.343483764910546774e-04
3.602917167224786721e-04
5.104851284848110904e-04
4.794668084147357678e-04
3.463180620379459340e-04
3.869655142091227296e-04
4.164419359949239619e-04
4.148554635373113975e-04
3.927483016307325991e-04
3.195609111791911094e-04
3.394665147045047848e-04
4.884225534060419871e-04
4.176615678626281747e-04
3.336165772534899210e-04
3.296382715266832353e-04
3.358326604247785507e-04
5.081917423746529217e-04
3.825323802850166821e-04
4.517657867350553802e-04
3.667085880748599536e-04
5.283449375589471808e-04
3.770836062913437980e-04
3.112120456694802972e-04
2.718020141432991865e-04
3.008967622505076545e-04
4.191788127067067049e-04
3.526559034803256054e-04
2.453521020944690600e-04
2.644939712093258288e-04
4.455780768793556057e-04
3.246021602373652670e-04
2.945216309375268959e-04
3.518446467227001606e-04
3.346230524996079980e-04
3.997931450048924917e-04
3.997334648290079562e-04
3.296469828947198866e-04
4.245393037461339669e-04
2.350890759595831991e-04
4.108291729906718426e-04
5.541234835342856435e-04
3.233220646649756502e-04
3.545941383718276274e-04
4.680719952834117015e-04
3.434083321437741976e-04
2.978022300111592136e-04
3.744346068081869094e-04
2.722630115874619117e-04
3.262073784975061397e-04
3.423826737809811116e-04
4.295111663191117368e-04
2.774725376500225549e-04
3.950893181801327925e-04
2.946800241323474512e-04
4.078955429628536300e-04
3.209040617851259547e-04
3.927802153666573592e-04
3.119231555714085946e-04
2.836154492809744854e-04
4.484567498342362235e-04
3.964954661941841318e-04
2.963461324176006051e-04
2.925986850396133931e-04
3.530826970342473836e-04
3.495576696633181935e-04
3.103776526868738672e-04
3.641556607517915101e-04
3.580689608355391851e-04
2.328541396230572602e-04
3.209714633728467936e-04
2.701640038844516090e-04
3.951117145929369801e-04
3.147313830022743786e-04
3.060107119671820475e-04
3.252414964570043976e-04
3.612851435353600649e-04
4.057948535609520735e-04
3.294081949468535830e-04
3.144244952142105642e-04
3.848087164476238220e-04
2.880789056726729136e-04
3.248544144115531052e-04
2.507308672039382236e-04
3.875138072411618562e-04
3.105553298595048473e-04
3.492022078170134436e-04
3.352530528846556224e-04
3.005786181657713052e-04
2.185152029735362711e-04
3.385957657976237933e-04
3.117019064656986749e-04
2.275841129988631639e-04
2.831278915910277749e-04
2.750370593624026916e-04
2.961628116392861498e-04
3.679246135275468510e-04
3.651218775808859340e-04
3.855705994666031033e-04
2.548684623381383685e-04
3.346518510302966265e-04
2.311713638375248459e-04
3.387662533939662934e-04
3.096440679459938616e-04
2.725268222583329680e-04
3.570960831421055026e-04
3.729379531303214645e-04
3.687812980426481702e-04
4.377039542614279133e-04
2.693110828413530777e-04
4.394058519650648198e-04
2.697572523314498150e-04
3.605455459094464299e-04
3.218712260076549148e-04
3.113429031350277432e-04
3.546780822907547037e-04
3.705343550860079604e-04
2.801943538389625732e-04
2.825952158494252076e-04
2.556018946334552566e-04
3.910253182865391919e-04
2.796219648361630838e-04
3.094991737754085315e-04
3.232425160706146883e-04
3.113497422663619174e-04
3.014745485924313906e-04
2.726417044286062741e-04
3.126702125231944907e-04
3.645385524849859005e-04
3.208175516061124999e-04
2.786804345513912984e-04
3.513530543847523391e-04
3.359288864595924573e-04
3.099624689241187170e-04
2.519570638299245546e-04
2.919155988825028469e-04
3.749386211740375618e-04
3.802237868030557133e-04
3.562544027517697276e-04
3.984596767956788410e-04
2.683413976024145997e-04
2.910775825076053480e-04
3.926138055905074864e-04
2.382888184067413762e-04
4.383102569801393400e-04
8.582387466573963841e-03
6.665147213185868003e-03
5.710337000339064939e-03
4.938380552300884740e-03
4.057569295209399046e-03
3.856958597495900587e-03
4.246468580842259477e-03
3.909006417098133401e-03
3.739435491562116687e-03
3.317631149724692419e-03
3.425367585659384179e-03
2.879855127990927494e-03
3.136920324898196527e-03
3.237332024135418374e-03
2.572759288263427868e-03
2.899806588103178567e-03
2.265431400224272168e-03
2.147014091214875103e-03
2.558392315807525574e-03
1.786318080761961635e-03
2.187285986030958890e-03
1.529125919172383274e-03
1.566811163341223778e-03
1.646962534348157814e-03
1.787378901729332753e-03
1.506936187341600952e-03
1.423049866074551500e-03
1.214249169199557721e-03
1.112183035461612041e-03
9.460631448301587421e-04
9.294681745593141864e-04
1.155863516794128354e-03
9.169390215625836116e-04
8.899863059144488830e-04
8.469231202604364517e-04
6.938212071576077555e-04
7.933431011625351192e-04
7.382652852227569729e-04
5.771742950298544561e-04
5.785543997343517431e-04
5.053731487300039404e-04
4.840551295653625075e-04
5.853313171706245321e-04
5.651400929709837762e-04
5.047310056443196635e-04
5.042023897055408765e-04
3.633239740003166296e-04
5.000322312147739701e-04
3.718957504596290264e-04
3.624985617255056802e-04
4.126614372297610078e-04
3.935110330766100617e-04
3.229792609929782454e-04
4.280385320199198151e-04
3.655922715197351680e-04
3.199290670348048371e-04
4.448918376110250206e-04
2.584646999687634228e-04
4.014682565936199266e-04
4.230788808542093604e-04
3.446064404426796290e-04
3.266446635446854097e-04
2.817653769819281062e-04
4.048287271895857631e-04
3.470759200986037185e-04
2.828501832364202495e-04
2.862491505702981220e-04
3.889881957179278094e-04
3.199124883113066420e-04
3.943092434066236551e-04
2.348064011743755675e-04
4.124890346049528422e-04
3.137369723632821295e-04
3.090478907633968653e-04
3.575929864756619003e-04
2.174815399144033878e-04
2.304680447412846278e-04
4.196296644841598922e-04
4.072722686234812872e-04
3.308250115385096002e-04
4.083261675663363288e-04
3.550295622546106866e-04
3.360518592461260445e-04
3.456420694178986841e-04
3.039275980363659313e-04
2.625589503816236348e-04
2.618161391730391974e-04
4.305630092945808562e-04
3.835471569804543845e-04
2.626266584296529927e-04
3.440553734429946386e-04
3.127722077011091395e-04
3.223067670082915837e-04
4.924197149865985890e-04
3.034351388918332670e-04
2.882432125755202135e-04
2.674082475136799197e-04
3.063793501532109664e-04
3.273122700434005772e-04
3.248055325707557839e-04
3.519976558991472215e-04
2.687767858454322145e-04
3.026525374800193013e-04
2.350510502674013624e-04
3.433704312261476321e-04
3.054728691074502789e-04
3.087897346031667767e-04
2.951987051529811334e-04
3.259535218685244429e-04
4.528189362885022551e-04
2.503924880376262596e-04
3.003465770118722566e-04
3.163142992845188739e-04
3.106426700913156314e-04
2.943816694956705171e-04
3.766724427672965558e-04
3.805658691567355423e-04
3.203929597231820747e-04
4.099489169211503747e-04
2.247925169645004218e-04
3.335134409728629512e-04
2.651671890852441704e-04
2.098509408472067073e-04
3.416456716053284381e-04
3.123364105433734661e-04
3.100982429331787527e-04
3.859750528651950674e-04
4.116516072740841747e-04
3.041778104750370026e-04
2.781943425697597227e-04
2.398522842465972138e-04
2.534422401226504862e-04
2.118031306133430491e-04
3.422034920681493730e-04
4.064407153692023433e-04
3.439938906603101643e-04
3.150559384598530799e-04
3.253512168858094245e-04
2.927828173647575860e-04
2.974485912655838726e-04
3.787966412429309704e-04
2.539829308561072918e-04
2.403130486790840126e-04
3.171044143290974171e-04
3.235400236452010136e-04
3.661810441917615067e-04
2.988429223671901225e-04
2.846057572360415067e-04
3.321146075971337375e-04
2.866742303520228297e-04
3.647561188506211194e-04
2.969763512949696871e-04
3.551167194276484695e-04
3.490232508670046419e-04
3.896387748070842538e-04
3.951071027272559655e-04
3.630151099395378944e-04
3.360340240920710320e-04
3.008819582057779829e-04
3.233948451934059998e-04
3.162166808323117750e-04
3.715486574519324958e-04
3.420934483480894683e-04
2.844554695641821063e-04
3.983400022960353892e-04
2.858797099324558721e-04
2.784623262323121518e-04
4.711259490642882852e-04
3.794790722096222368e-04
2.603880469880248683e-04
2.908013459340663687e-04
3.010513039504551791e-04
3.511399669099031506e-04
3.491994146169463686e-04
2.661602101637974838e-04
3.031094020667680911e-04
2.684158820070829676e-04
3.716439964069999380e-04
2.694208714528814608e-04
2.529250765945546819e-04
3.482728662759920768e-04
3.125104546536257299e-04
3.117236827116509623e-04
2.983256675149689729e-04
3.413408935231676544e-04
3.424143366227636043e-04
2.410626117034520011e-04
3.210446913272102520e-04
3.276469309702531585e-04
3.117078880202558966e-04
3.463283963875407601e-04
3.050610877637499607e-04
3.631113399251879870e-04
2.883054930800446614e-04
2.869290553928205423e-04
2.081027381314812241e-04
4.290595591994461611e-04
3.723811624649492336e-04
4.202837814607299216e-04
4.109852284586365534e-04
9.222951429988850147e-03
5.437123719166873925e-03
3.925990422828540272e-03
2.598606483890365110e-03
2.240399395097493473e-03
1.494734760982052713e-03
1.469208657034426491e-03
9.713693471544299074e-04
1.174727145591879240e-03
1.010621212756593335e-03
1.076968942844758192e-03
1.069366986455738688e-03
7.419906551469762634e-04
8.562598752615072084e-04
6.868374989093539718e-04
7.769829441244269219e-04
8.102329936549544642e-04
7.654938283744305849e-04
1.013525265617896964e-03
8.202595722642674891e-04
5.747341629517149775e-04
7.358480333005332219e-04
5.723569859337959698e-04
7.121625418480825864e-04
5.518555163809418795e-04
5.716907594806308612e-04
7.130378088525332614e-04
4.595070512274229690e-04
6.740390142842243859e-04
5.298752281256008390e-04
3.798461547899409374e-04
7.172857776335424262e-04
3.865938168176735745e-04
3.985900514709636577e-04
4.790131150927134929e-04
5.059201752274991581e-04
4.708095178427781913e-04
4.032126579085193452e-04
5.001197092549258816e-04
3.792665632279673682e-04
4.584297399271644591e-04
4.083071923588615926e-04
4.793682227545656427e-04
2.751627946139534320e-04
3.570920031244137482e-04
3.841532812503822836e-04
3.394722088365664803e-04
4.658241405887178499e-04
3.506622321001323650e-04
3.831940134999337055e-04
4.545205052737671947e-04
3.532284960402337637e-04
3.757374373956900993e-04
4.347286818157658494e-04
2.903531983615634249e-04
4.310791085120543875e-04
2.942922160270727838e-04
2.939246153233834868e-04
2.746033277693897545e-04
2.713296639576326386e-04
4.123816664765370121e-04
2.964376778486071951e-04
3.157050020541687929e-04
2.666307615081381366e-04
2.453035183330662394e-04
2.892001373387895202e-04
4.658165412824780138e-04
2.229982112282383189e-04
2.841078904388880111e-04
2.749767062935198902e-04
3.051915821644969606e-04
2.955003538429659682e-04
3.899619675156451581e-04
3.902405362078247009e-04
2.465228247542222695e-04
2.431327269232889943e-04
4.098640032688879997e-04
3.700406525491244103e-04
2.980325361053165478e-04
4.749165591694873290e-04
3.070572723599535037e-04
2.680898905710049629e-04
3.906858392634868227e-04
4.149463787072524279e-04
2.507810869626300732e-04
3.926023919345184021e-04
3.812070206840462161e-04
4.220326080850989037e-04
2.878322219930090631e-04
3.325944579973018345e-04
4.009488288510658360e-04
3.030535123089012073e-04
2.643749851642465676e-04
3.279365338486883719e-04
3.418151954211225141e-04
4.073245604553354937e-04
3.555615166651940329e-04
3.464055488586123555e-04
3.797131666092232183e-04
2.706126043933512748e-04
3.187879700742440869e-04
3.570857595191316569e-04
2.361049718055258095e-04
3.422824459439893774e-04
3.561027870593903855e-04
3.040529073757708423e-04
3.201277026249477187e-04
3.615021036623387862e-04
3.209444849820441981e-04
3.753992935047537061e-04
3.153381834415103224e-04
3.422771956902471990e-04
2.829681566344222077e-04
2.910195237198140439e-04
2.925122284487685631e-04
3.274361614994461545e-04
2.518477464054855175e-04
3.548206921383176282e-04
3.419190809967262434e-04
3.230732036207592528e-04
4.375638195455583412e-04
2.498643274518111412e-04
2.813257557963549926e-04
3.612050011349912659e-04
4.228126000614534918e-04
2.486365856075589686e-04
4.528694127987134554e-04
2.920123732118584670e-04
2.804401423897595613e-04
2.968931866458891788e-04
3.292114307904756010e-04
3.646941718756235851e-04
3.098025172831864182e-04
3.870373094691514915e-04
3.140800133208491995e-04
3.598848875410523562e-04
4.514750786969862206e-04
2.648060422303852302e-04
3.060756652937708655e-04
3.301805127722268196e-04
3.596639338122459284e-04
3.502265779651639321e-04
3.611687092171522728e-04
2.971423492645480779e-04
2.783495326777116197e-04
3.470383619801550856e-04
4.217131871753002081e-04
2.532102962379441380e-04
3.627467219201492565e-04
3.027658266118761488e-04
3.231876711163282623e-04
2.547933584180414601e-04
2.124080548148929437e-04
2.707230436626469061e-04
2.548127559919774465e-04
3.115997038392256946e-04
3.247310167008125859e-04
3.591320800724814855e-04
2.681356333328090147e-04
2.705128506965207014e-04
2.813686435575030176e-04
4.306796639106866276e-04
3.275069713698230967e-04
3.258088924972986355e-04
2.804643316855759405e-04
4.058758610924403931e-04
2.486316895958518014e-04
3.143589338627933438e-04
3.661485702326841563e-04
2.804381824702550929e-04
2.845074364738672812e-04
2.661906799603652729e-04
2.488926501002866609e-04
2.659520126384942729e-04
2.316076578914340323e-04
3.009039401106194944e-04
3.653321780610757630e-04
4.578546954289441917e-04
2.496304805800278470e-04
3.436984924323552293e-04
3.315521568875434699e-04
3.564188208532957647e-04
2.542047120772661373e-04
2.738773450186339498e-04
2.781977432460627786e-04
2.876502234446659534e-04
1.884380218645717586e-04
2.237863805004680628e-04
3.610302018073607844e-04
2.877109454956158774e-04
2.149357368781898425e-04
2.834580218829749199e-04
4.208363616144128461e-04
2.511656964354833099e-04
3.152473696928642655e-04
4.088608428365336778e-04
3.478221398999711833e-04
4.344885740749510061e-04
3.149210104786519249e-04
2.333430066860722740e-04
9.010115197919645047e-03
6.131152871717546193e-03
4.754265504462250325e-03
4.358424575063874623e-03
4.067034325708276943e-03
3.586262657353078004e-03
3.472385065818796301e-03
3.654977737073548255e-03
2.899600396833339200e-03
3.207030343481645507e-03
3.275407059994260572e-03
3.178317273838451862e-03
3.100257857305759729e-03
2.778407380624351580e-03
2.998398782269113411e-03
2.966633124776976715e-03
2.824302410550812853e-03
2.866475467418749812e-03
2.833399759145014546e-03
2.654254359468671831e-03
2.515941385299605426e-03
2.790560217257452569e-03
2.860567288237848144e-03
2.501311771396501349e-03
2.329269530798896287e-03
2.626262088653935622e-03
2.199522907911005687e-03
2.222884590367391749e-03
1.894959912673705588e-03
1.884232888043457788e-03
1.757567740892557184e-03
1.611543432362774059e-03
1.734435997135796992e-03
1.732893665367080116e-03
1.796563296523518566e-03
1.501003033050431201e-03
1.151947699897373084e-03
1.240382069671704113e-03
1.169355974469293846e-03
9.114308221884470651e-04
8.432159266654540297e-04
7.639915183853644709e-04
6.755745408200120039e-04
5.746095212270721508e-04
7.576427115751974140e-04
5.957710448580635920e-04
6.280494355155874509e-04
6.525340205922325332e-04
6.201239953314667541e-04
5.489137521938955433e-04
5.217601465553473039e-04
5.139078069269359395e-04
5.157779030342674043e-04
4.027942701884251742e-04
4.681790032586424788e-04
4.897533161344787278e-04
5.957943048989777779e-04
4.013847035964912546e-04
3.947017073801933895e-04
5.071974763472923697e-04
4.556796836862955780e-04
4.764250661998259417e-04
4.020844703383694152e-04
3.494546958694652594e-04
3.305075529829414049e-04
3.547274467823047228e-04
3.392936311628486079e-04
4.392160039666699600e-04
3.846621401035962839e-04
3.615232760281195112e-04
2.704909309883332669e-04
3.510593810695690487e-04
3.984351824623984240e-04
2.813465278226068289e-04
2.994120357273227784e-04
2.982656030247263224e-04
3.708935706574871538e-04
3.440444487091756653e-04
3.330041474807962643e-04
3.496219729501870432e-04
3.449632369564095691e-04
2.884713239004604857e-04
2.867735779844490795e-04
3.466774766939031971e-04
2.904791524995613272e-04
3.876584654100428962e-04
2.854628444830253908e-04
2.704515447327429656e-04
3.321314445887263433e-04
3.907639119246283932e-04
3.403234483485145789e-04
4.991843029880718707e-04
4.250828521871613530e-04
3.774642057155636055e-04
3.354558031915255700e-04
5.091319051179904465e-04
2.443338592219776451e-04
3.270126134518533401e-04
3.248268617817989812e-04
4.224871706461144627e-04
2.567899359094405476e-04
3.110390699523277180e-04
4.426893703468465224e-04
3.441193288388627591e-04
5.093486893357479506e-04
3.077672969885245080e-04
3.924841453835786753e-04
4.447644096871108954e-04
3.686412866142352307e-04
3.268930241330965381e-04
3.228643653150481407e-04
3.556359923906418641e-04
2.832069786194990613e-04
2.889273623611875175e-04
5.022809981582512795e-04
2.581054031003671145e-04
2.621059629082274356e-04
3.704717180398886534e-04
2.369561496082459029e-04
3.314666220409490105e-04
3.172309945653310759e-04
2.527970910850482755e-04
3.597570345834563699e-04
3.332834601188286450e-04
3.804892032484609443e-04
4.072264191463254024e-04
2.477051504087557365e-04
4.149038636923965684e-04
3.090217642062811909e-04
3.201669483474667288e-04
3.915301901907322635e-04
3.877876375992968250e-04
2.433087731352548411e-04
3.449641562983732368e-04
3.038104550196103759e-04
3.502162492449029108e-04
4.251715520385487834e-04
3.677590380462870956e-04
3.188759825862308439e-04
3.253872891671553969e-04
3.530470536038249341e-04
3.579030839631867911e-04
3.053372942614027141e-04
3.666694445330978547e-04
4.124805248179527761e-04
3.377856008816570998e-04
2.681459182252501905e-04
3.849621668475175507e-04
4.250036640530592547e-04
3.006748159399760811e-04
2.711499480235260440e-04
3.123964495521519558e-04
3.689770846701870277e-04
4.310597500549184780e-04
2.934346538911725144e-04
2.378286157338205253e-04
3.403494037995183352e-04
4.227655102360290684e-04
2.669828622134141904e-04
3.320646170064320279e-04
3.609990685841425739e-04
2.816325084284282410e-04
3.270401963500688125e-04
3.060953864033842675e-04
3.001650350634571529e-04
3.199893977223061681e-04
2.804180296034908260e-04
3.410930609843848549e-04
3.255419629888262056e-04
3.872248426851285230e-04
2.961439366657298011e-04
2.762873857327652338e-04
3.163164848774061011e-04
2.929003569100696591e-04
3.532531762086427163e-04
3.110672805101931393e-04
3.372649800499304129e-04
3.745281513516038330e-04
2.696382204531340421e-04
3.560835586874852576e-04
3.693073466554189221e-04
3.542780587370633616e-04
3.447133004870137074e-04
2.598131228335465170e-04
2.097258547696725928e-04
3.362943159955986139e-04
5.614515106521153487e-04
4.051100182070645206e-04
3.011265787822917095e-04
2.613648907043575331e-04
2.548231224851343901e-04
4.043274159882537244e-04
3.614832984781199410e-04
3.288052961759498072e-04
2.240844280174611458e-04
3.720620953411163390e-04
3.506769649174214243e-04
3.424559672822319323e-04
3.905365505571176121e-04
2.961216215647752281e-04
6.778909007576904011e-03
5.807431747521425019e-03
4.749988279444852801e-03
4.028140087936053770e-03
3.802784069994551847e-03
3.017554797463125466e-03
2.753140706790484921e-03
2.097445378289229667e-03
2.177495393576249494e-03
1.717087728060152918e-03
1.446350845062727153e-03
1.292484351432213185e-03
1.318640057053316328e-03
1.167244386017313174e-03
9.499766136942741634e-04
7.633170705831221481e-04
8.025374022857800771e-04
6.967685288579578140e-04
6.691843789218762661e-04
7.301752553320606243e-04
6.671110743360214590e-04
7.785842927933231405e-04
6.010302552939376930e-04
5.300922936855093082e-04
5.229013839573547207e-04
5.585218182599591130e-04
4.605537105268203701e-04
5.071648578159199117e-04
4.167503483316972734e-04
5.128216483048647634e-04
5.224365289084598185e-04
5.209392484861116723e-04
5.710441076999875354e-04
4.277314874735760331e-04
3.761077165098866693e-04
3.965120442198585837e-04
4.073895089719108131e-04
4.000090408125545061e-04
4.058091776092120906e-04
3.228620577834448446e-04
3.272089550382210887e-04
3.599603553518862520e-04
3.418184739736110367e-04
3.871107869266310342e-04
3.360274310539451692e-04
4.759155427510840253e-04
3.416190436733024249e-04
5.050173690235443269e-04
2.993555449831222792e-04
3.774098297728498141e-04
4.471910389581799927e-04
4.580650335875777190e-04
3.791710370503326155e-04
5.035749456224689058e-04
3.838978065231618553e-04
3.359629683376691434e-04
4.536371844526682073e-04
3.583019159140443666e-04
3.304401185625950588e-04
3.421963334689290259e-04
4.282431998874070000e-04
3.113566163421635502e-04
3.993992197212532791e-04
3.483751458264947032e-04
2.428707952942810167e-04
3.228330958742788026e-04
3.074275075067856022e-04
5.052240140674818525e-04
3.438776345062038997e-04
3.874995550873922001e-04
2.892415480160240304e-04
4.432743047273410286e-04
3.687126485393057984e-04
4.076550290570725432e-04
2.926941790641797436e-04
2.687380086781321342e-04
2.617885502702380074e-04
4.968253239014466804e-04
4.459738950690211867e-04
3.191912719821346500e-04
3.930412750141436262e-04
2.892058310253360631e-04
2.943627500428397381e-04
3.262699346401887190e-04
2.775547144018772339e-04
2.360227972477806080e-04
3.100629409955209248e-04
2.506853646458626073e-04
2.820575152480686576e-04
4.076562333947333916e-04
4.779364707832647885e-04
1.890137776429656746e-04
3.565565871186601732e-04
2.402517662076011917e-04
2.934117562783805644e-04
3.506756283561465737e-04
2.903234884836999874e-04
2.631415369079223576e-04
3.603713605562636202e-04
3.976688193906494084e-04
3.384662936684254553e-04
3.281256016435113443e-04
2.898491493789276396e-04
3.247608523612513509e-04
3.845819900628877352e-04
3.305975428083418599e-04
4.510858573549686446e-04
3.444278515716686639e-04
3.435840664812589429e-04
3.568112520746166694e-04
2.877076340789125330e-04
2.709554754627627182e-04
3.596821417260857856e-04
2.509824719860928588e-04
2.046917157785613228e-04
3.266117304573518121e-04
3.915204587606017916e-04
3.189293283678978908e-04
3.999841238034214375e-04
4.447835240028383263e-04
2.414505118446264031e-04
3.811826583197258644e-04
2.844268207751049493e-04
4.050968796772899672e-04
4.796779445045695756e-04
2.839490280108318554e-04
2.713404180801348708e-04
2.395382972437895552e-04
2.544670749899946571e-04
3.308207795733805745e-04
4.186306963836622375e-04
2.863644740617385387e-04
2.482678795208831390e-04
3.240228769959066502e-04
3.427574780563227841e-04
3.650018697189325034e-04
3.799668706805300888e-04
3.592691113034479633e-04
3.596368363906476961e-04
3.431509565008719620e-04
3.045255367686190706e-04
4.255656430518194033e-04
3.104036741937502009e-04
2.490437680398721598e-04
3.243130668233382141e-04
2.744012305940998764e-04
3.395886416778272354e-04
4.175151727351875119e-04
2.562622084184007498e-04
4.171189651031581569e-04
3.775718710103195819e-04
3.029353266906231745e-04
3.031789074852131449e-04
5.016020961474965123e-04
3.706011031750222617e-04
2.890713862207447415e-04
3.341942342411086120e-04
3.222359916309168459e-04
2.969862191902275517e-04
2.749993686879809163e-04
3.211679223069016653e-04
3.392510981645932566e-04
3.093774913451030617e-04
2.401716123019842497e-04
2.669492801300327178e-04
3.277963055790117375e-04
2.428769870504304818e-04
2.330288669480443109e-04
4.033753763583586283e-04
3.643903048940119738e-04
2.823149313275000183e-04
2.726850944714809266e-04
3.343847631842589152e-04
2.947130209729649508e-04
3.372777370669252650e-04
2.686674156859303331e-04
4.149982260184641170e-04
3.599343712824762398e-04
2.485441717116967930e-04
3.403781768796729224e-04
3.831719575142951417e-04
2.882332269345186382e-04
2.568425090907072716e-04
3.701247742686139541e-04
3.885837101149230977e-04
2.793885658492270552e-04
2.985395031048915238e-04
4.519162303971667460e-04
4.679649339441836753e-04
2.810294173688360209e-04
3.616747161397093624e-04
2.505897045913252352e-04
3.097362465256485453e-04
3.946141563221164383e-04
2.940390858479496883e-04
4.294389504279697012e-04
4.000081935336338712e-04
2.575715910320547364e-04
2.139014995628171767e-04
3.246774640927804767e-04
6.209279034867266900e-03
5.064979335403067134e-03
4.415640073505752022e-03
3.958449702475174553e-03
3.624016979252187021e-03
3.224840266309474124e-03
2.607190634467182466e-03
2.297705307192809965e-03
2.215366436362869312e-03
1.960025855058486477e-03
1.851446520865843159e-03
1.792309584549817147e-03
1.855013497183189558e-03
1.339966953601150895e-03
1.609596075966772399e-03
1.290444503428585243e-03
1.203619474077821661e-03
1.274942073045140511e-03
1.210622892079252222e-03
1.196292016029359973e-03
1.115467421740741483e-03
1.176023701818185163e-03
9.744863174326844069e-04
9.970066902818090770e-04
1.066421159668332064e-03
8.878035676399692600e-04
8.763879683835323897e-04
1.134819691371462269e-03
8.988656275573797538e-04
1.005955424862058079e-03
8.766200701060614109e-04
9.700768286537292395e-04
8.101011757098500188e-04
9.847415048715030261e-04
6.562545024062366172e-04
7.541653600630637833e-04
6.978191519139836929e-04
6.652378892242419295e-04
8.868666100718333722e-04
6.717749926380203740e-04
6.631287026954771346e-04
6.617410650478564027e-04
7.464645273918026069e-04
7.536277183809864111e-04
6.429206604911322231e-04
5.530268469436383505e-04
5.897719789485361686e-04
6.007468636088156289e-04
5.188872028420721261e-04
4.681077624063834097e-04
4.991003754975797957e-04
6.550848837342838904e-04
4.310106269795888068e-04
4.357449181018185902e-04
3.469438784297548817e-04
4.991678713743077922e-04
4.925329022626365183e-04
4.099609446133536950e-04
4.273312097404571852e-04
4.548998212550448006e-04
3.764219787331345157e-04
3.678539698659666346e-04
3.477202943527879508e-04
4.029204139982256461e-04
4.496498248683436505e-04
3.017341943326971865e-04
4.881286142645879789e-04
3.584617022491520810e-04
3.887481460271152711e-04
3.874984398116801398e-04
4.080462262449277566e-04
3.969208845919572348e-04
2.490131334545661601e-04
3.180830455247751765e-04
3.617482387472462091e-04
4.114547388593230159e-04
2.677378085186379875e-04
3.751359236019609356e-04
4.079247541824634893e-04
4.241193977848264907e-04
4.108543978652533235e-04
3.507264113124797245e-04
3.078580838564194677e-04
2.655593495409502847e-04
3.162110894354211443e-04
2.617169554025230993e-04
3.119813825925923934e-04
3.612010890604172575e-04
2.756114958945149462e-04
3.183142423988233327e-04
3.136399563142683311e-04
3.733524208685834456e-04
2.768122702582649641e-04
2.335940790217302943e-04
3.267904358010206844e-04
3.203865577821110588e-04
4.250015348837704598e-04
4.500851709851524940e-04
4.819932518276143218e-04
3.371629861853298049e-04
3.344250780579344218e-04
3.201987244615261963e-04
3.447212522034448501e-04
2.776058141910862920e-04
3.540986796433318040e-04
2.511697493993159114e-04
3.361075513130182268e-04
2.581375150504591764e-04
2.987729701976957197e-04
2.465923452971280350e-04
3.016250302771833480e-04
2.756155536611237800e-04
3.340122392505584514e-04
3.196765605914184127e-04
2.354759976017882506e-04
3.374009946542008698e-04
3.463011306990629312e-04
4.919469337614050530e-04
5.001090035937003075e-04
3.679342488483207385e-04
2.559827775626410951e-04
3.108661306641738453e-04
3.300817302083342009e-04
3.862820493740343197e-04
2.915942911762281486e-04
2.515099014402596977e-04
3.550644322765778016e-04
2.827275785931837593e-04
3.174070473492204836e-04
2.968641416527147137e-04
2.970495225613697943e-04
3.462662111129652387e-04
3.404409987026110751e-04
4.111032488140035912e-04
3.430252209449848044e-04
2.770464360102378731e-04
4.279709426405937933e-04
4.707896707521266877e-04
4.052809969880971641e-04
3.522346506179968584e-04
2.818116471969001058e-04
2.662914808518740406e-04
2.407454943407494330e-04
3.411655107923433627e-04
3.602308273557564000e-04
3.224502290082101319e-04
3.072918187979473137e-04
3.078066114963820543e-04
2.509928902470412448e-04
1.919799018383419598e-04
2.517729821363973164e-04
2.949376469920765576e-04
4.699055094459399229e-04
3.845703904970382281e-04
2.494113991659760443e-04
3.548762623371073954e-04
3.485458101228078309e-04
3.600168498483630186e-04
2.810529845070214305e-04
3.219926345701951131e-04
3.461506985634917044e-04
3.740732038350555455e-04
3.672187491564858630e-04
4.245617809287768885e-04
2.779985938887001573e-04
2.428474600005073314e-04
2.743424471282202015e-04
3.301731365809995600e-04
3.769078585402971249e-04
3.502610011925297306e-04
3.538089212600896427e-04
2.945058749887485838e-04
3.506816481161287302e-04
3.018421893591291538e-04
3.698496145385227196e-04
2.951451307833460880e-04
3.798244900938864410e-04
3.454695356283760121e-04
3.076742742683588605e-04
2.573597898651233673e-04
4.850203169192435215e-04
2.464015488509684049e-04
3.204417699568529176e-04
3.103994967673037730e-04
2.952647839018600340e-04
4.270291943940171531e-04
3.090227480504192936e-04
3.238956631811812370e-04
3.297247756315208056e-04
3.742286501270952748e-04
2.846281579604557910e-04
4.049328719977207669e-04
2.318912107824241953e-04
4.018084237751989862e-04
3.397255544469457433e-04
2.600826806022984994e-04
2.945170899298979461e-04
2.605886667089996056e-04
2.809349380423833975e-04
2.472569434524424237e-04
9.218699259752272113e-03
6.376365212639980434e-03
5.781495588147646247e-03
5.193936383148529956e-03
5.341556906032860624e-03
4.371724543813369779e-03
4.478694657851896299e-03
4.138240610139166248e-03
4.151689044734493961e-03
3.737253807658328514e-03
3.833454909932011712e-03
3.704634604124946301e-03
3.551500498997092747e-03
3.314774404619053039e-03
3.112845082321853696e-03
3.003976225435064928e-03
2.978688304569331730e-03
2.690011583237283954e-03
2.862967259666077818e-03
2.836215661267710297e-03
2.829174291099894462e-03
2.784408039900782700e-03
2.720268501794194382e-03
2.833259117159536711e-03
2.480093386114757409e-03
2.376279043897901178e-03
2.384765200692182119e-03
2.480230999530552011e-03
2.435454082807791965e-03
2.458129792355379095e-03
2.513921450203130542e-03
2.785524384385500152e-03
2.082573142558160478e-03
2.312644138282991813e-03
2.296370267332828452e-03
1.959161428338178357e-03
2.164004066945154903e-03
2.442187459064590338e-03
2.168169082056355806e-03
2.141484820031010899e-03
2.039379835300711430e-03
1.998800790431274482e-03
2.225815319112933038e-03
2.120909368720655386e-03
2.073804977264288862e-03
2.213787287835403128e-03
2.086040243917081788e-03
2.355782776807785472e-03
1.948718022901526487e-03
1.900097834249186990e-03
1.920539426323371324e-03
2.254136496053479877e-03
1.911848373928007327e-03
1.995998667204949839e-03
1.948754924443588110e-03
2.107089554195109432e-03
2.012575716621927552e-03
2.039005760897390218e-03
1.977514960598059091e-03
1.713438683861756573e-03
1.872303039067393926e-03
1.501340710781545046e-03
1.830575021876501562e-03
1.546704664728386358e-03
1.809230575250585227e-03
1.642961705038088749e-03
1.725436513289064361e-03
1.582755812344315005e-03
1.387910192964234013e-03
1.442940113840877892e-03
1.433977157250791723e-03
1.495267847344390610e-03
1.556712655907444703e-03
1.465142185352933529e-03
1.483628177591948816e-03
1.375888113692644299e-03
1.479186385382826735e-03
1.463845963600305528e-03
1.218639304571254162e-03
1.177501169381450774e-03
1.393233332560896154e-03
1.701989915728608499e-03
1.155485353100609014e-03
1.407217806333106724e-03
1.266049247904195429e-03
1.274127745825255620e-03
1.266359785374007035e-03
1.206455062618641549e-03
1.252068523464384964e-03
1.155599373914226180e-03
1.047903372132792665e-03
1.052245448264738092e-03
1.316993805289011499e-03
1.135878489514227652e-03
1.122966533253205029e-03
1.141801169112572484e-03
1.137359247931693518e-03
1.185131464672195545e-03
9.182672897366656040e-04
1.036855512834819470e-03
8.912312983995543392e-04
1.079297808869381092e-03
8.136436360856834360e-04
9.826309516363998520e-04
8.666715282919998375e-04
8.761473267865776959e-04
7.894279632405382108e-04
7.283224741366847721e-04
8.724472246418486787e-04
9.040017792093166249e-04
7.426436717124784703e-04
7.590238829951745370e-04
8.657203644282969457e-04
1.005397116291550930e-03
6.575929036937086525e-04
6.815212253490320060e-04
6.391349073857147123e-04
7.746397940744213784e-04
6.837469393049244726e-04
6.854595390765640117e-04
8.110385974020861699e-04
7.204492054419010805e-04
7.117459826319408323e-04
7.691002094840325432e-04
5.288092540673069997e-04
5.259811336146072436e-04
6.335243576693974643e-04
5.854286000141276092e-04
5.416493332816574302e-04
5.699355473432268782e-04
6.883083312376400698e-04
5.851238062522176597e-04
5.950400342722567126e-04
4.809341431158652147e-04
4.350341296154060233e-04
5.231483268554187882e-04
5.832203489847115341e-04
4.885789869600656865e-04
4.869086036246098037e-04
5.527103933720203810e-04
5.503314284705344839e-04
4.572950563061055351e-04
5.378605229955230049e-04
3.847505871421366686e-04
4.452488668943155314e-04
3.922880929208838463e-04
4.094718507758263182e-04
4.366765290904142671e-04
4.369870606994522011e-04
4.591511430019241946e-04
3.733885848538412433e-04
3.769253026696083031e-04
3.405008650146923443e-04
3.005719328831660264e-04
2.665767887189487984e-04
3.135030014473558224e-04
3.327807401567392520e-04
3.509437616865604403e-04
3.930516369341566230e-04
3.135079212761571199e-04
3.711024836741683153e-04
4.083696562516350714e-04
2.935721613022482246e-04
3.346690142190938966e-04
3.181896031687267423e-04
3.428147506088149998e-04
3.675699102966903387e-04
3.215296579918668074e-04
4.203694442333344439e-04
2.909131170808557099e-04
3.563090027552257011e-04
3.112737821738681410e-04
2.424723428441286077e-04
4.242388680353939567e-04
4.408500420978282708e-04
3.053807468137645365e-04
2.964121348927525879e-04
2.649981375899279623e-04
2.285422921424543063e-04
3.667536563907725089e-04
3.053050435303794607e-04
5.000687717793550480e-04
2.708235577864107069e-04
3.951011417325095421e-04
2.725543727125773197e-04
3.449833366124116507e-04
2.666423804480178017e-04
2.464815852895319015e-04
2.415545338569878575e-04
3.552442735504438009e-04
3.090366573250333260e-04
2.055759503434492763e-04
3.474843293233484398e-04
3.642644074392208109e-04
2.756162132321604563e-04
2.629802310621098815e-04
2.546999489252826931e-04
3.642358079758850620e-04
2.654616818413488288e-04
3.959958678541319888e-04
