9.572903241395161467e-03
6.734696106452366104e-03
5.898209079123799270e-03
5.382981213307533319e-03
5.005123911285686011e-03
5.161703574955843477e-03
4.609977043008951780e-03
4.145526040526585632e-03
4.081374631721611246e-03
4.184841970781165432e-03
4.020364296491635292e-03
3.231572493509363847e-03
3.033504301331254455e-03
3.430525623453105355e-03
3.247012351726231982e-03
2.986976323563393654e-03
3.010222982985921725e-03
2.936448230941038351e-03
2.713787651943903867e-03
2.614222478073344180e-03
2.570153092432143904e-03
2.368855841532430118e-03
2.581200024711714086e-03
2.482571084956985280e-03
2.556798473814098083e-03
2.633100038025523032e-03
2.323116298586228728e-03
2.649903827244930871e-03
2.426198266036974638e-03
2.503911755401194011e-03
2.327012037930238642e-03
2.435542143806385812e-03
2.567953430773761703e-03
2.506448982758383015e-03
2.168188115763525214e-03
2.213210275173089353e-03
2.348285957084920300e-03
2.438529622608313907e-03
2.104923993088307632e-03
2.434422449803196747e-03
2.306487368264040216e-03
2.460910171744903202e-03
2.401166672582506767e-03
2.529927933784408695e-03
2.285766765709219828e-03
2.369202337838050010e-03
2.163035423510192845e-03
2.271463517806417143e-03
2.452506362537937301e-03
2.318631433315010426e-03
2.168847507159885057e-03
2.333785847518022455e-03
2.556158112995615683e-03
2.419581725577428510e-03
2.304889139483325133e-03
2.315518519945075626e-03
2.449031107722540040e-03
2.154526034705325777e-03
2.309502492192760242e-03
2.392752643601597090e-03
2.533975960084047796e-03
2.697530515127489342e-03
2.491057348397541366e-03
2.047851617279428799e-03
2.150574077712463783e-03
2.085635079286576182e-03
2.407294240557286691e-03
2.447208068019294386e-03
2.175191107809542473e-03
2.563864385692806586e-03
2.489107293952668581e-03
2.674521978874300210e-03
2.666063525313015076e-03
2.181748528366087708e-03
2.348952755762915429e-03
2.141346452977067882e-03
2.386519763172247760e-03
2.119241868737103962e-03
2.163590690601777111e-03
2.626646856699707544e-03
2.212258810042704721e-03
2.464674312533325640e-03
2.288868896559961147e-03
2.343172910058193004e-03
2.167733567066364164e-03
2.167818514122621387e-03
2.290576868152940926e-03
2.084386825733804821e-03
2.468597626575624177e-03
2.222715366350214161e-03
2.281583496135618921e-03
2.194220073010549193e-03
2.572624065797304155e-03
2.445211870335951831e-03
2.301186328174911061e-03
2.173127680460434918e-03
2.181407361369423759e-03
2.093376409390362847e-03
2.170875112740701385e-03
2.516728120720543999e-03
2.327830324438191073e-03
2.237106404171049917e-03
2.378552620720869593e-03
2.169559562189567192e-03
2.507867325793774332e-03
2.342884482310941124e-03
2.365888192839143978e-03
2.347532648797640009e-03
2.243209327899151756e-03
2.291142212508544967e-03
2.469433402660939358e-03
2.447745700511410466e-03
2.498889072212365225e-03
2.136651452997011258e-03
2.213054673602849604e-03
2.543788880651848272e-03
2.279192606126686366e-03
2.157652397279989642e-03
2.215760399198525576e-03
2.285775961196126471e-03
2.390737188899400012e-03
2.071340866205254733e-03
2.215488314616941706e-03
2.591413624175042257e-03
2.255032407498112207e-03
2.213166185574044764e-03
2.208718012309440065e-03
2.101887218766983895e-03
2.337124744945733024e-03
2.185513376080968490e-03
2.420340593768131876e-03
2.428460842184083229e-03
2.645883512653903619e-03
2.192204234167417776e-03
2.359217107097563715e-03
2.159013495771619495e-03
2.353176273048807748e-03
2.210019943263401981e-03
2.156129316149470870e-03
2.451806013009486668e-03
2.257566905966332249e-03
2.453997993215023543e-03
2.225647266112962264e-03
2.188525898957911775e-03
2.202852439703067294e-03
2.161087553641520553e-03
1.986029669461118752e-03
2.486951483149021924e-03
2.446462792758910543e-03
2.286493495140755339e-03
2.093404832965890805e-03
2.170101294214590859e-03
2.222588329716661260e-03
2.372492480713181418e-03
2.064619775535986301e-03
2.389811061099728073e-03
2.253675300427877143e-03
2.309221301106598179e-03
2.196748403644432218e-03
2.259577717238798328e-03
2.246541706003496452e-03
2.281793028999487549e-03
2.169366700405354204e-03
2.253220243672582335e-03
2.599222926003376399e-03
2.087079018498843447e-03
2.395174411249798019e-03
2.076277901205063336e-03
2.234034503667863686e-03
2.450470161749554454e-03
2.501415678101068241e-03
2.390519187600081974e-03
2.424604049331098576e-03
2.368847340993789075e-03
2.211714514334113535e-03
2.218500703406550006e-03
2.457412654313567701e-03
2.509871833817255149e-03
2.064874885315065578e-03
2.544621317407541605e-03
2.287404903809544393e-03
2.284067071029745322e-03
2.231464231411330046e-03
2.215088344756491190e-03
2.282927051298684618e-03
2.300889763089068035e-03
2.299252067886455031e-03
2.336317667627332839e-03
2.129474266365782853e-03
2.171078865066275454e-03
2.267571021191006758e-03
2.480357599377952527e-03
2.389068305518847468e-03
2.359273599661648735e-03
2.118389964940594478e-03
2.553622515833901818e-03
2.254147755397797881e-03
2.409033550927912326e-03
2.234006385074156775e-03
2.437746008358533667e-03
1.239900024902231002e-02
9.165938750422344267e-03
5.985269933659428943e-03
4.236032387882338046e-03
3.398812017297993954e-03
2.801729809003339344e-03
2.877049810983363376e-03
2.188783540926955706e-03
2.124707504225484267e-03
1.977480269623722864e-03
2.408468859586988808e-03
2.027098627069214010e-03
1.859815350003304890e-03
2.038057538744475483e-03
1.908193559875669132e-03
2.236428152905610423e-03
1.966087430780048828e-03
1.681892269491586100e-03
1.955041234922617194e-03
1.859129070401199790e-03
1.989316685394825618e-03
2.051112381617266334e-03
1.634776543263841142e-03
1.661169134046742990e-03
1.803528892718474219e-03
1.556202332236175656e-03
1.768002504153640131e-03
1.744701690804525973e-03
1.745921069133293813e-03
1.712248327985360641e-03
1.902187735573660637e-03
1.965627633932542917e-03
1.556435910793914357e-03
1.599308576460886644e-03
1.543309377409853023e-03
1.824146094992002559e-03
1.813726530481254290e-03
1.342864837440491121e-03
1.716042945019854993e-03
1.624796243271421636e-03
1.474110534480554263e-03
1.580740562649458891e-03
1.588764718995501479e-03
1.550297356101446034e-03
1.580339385463237767e-03
1.540217496204580871e-03
1.609749255856100791e-03
1.584736455150649592e-03
1.475629757417062232e-03
1.436215118407149771e-03
1.332842893457940325e-03
1.588420741632675520e-03
1.675212742327712029e-03
1.363971276822896483e-03
1.521714557391314060e-03
1.342435378809146707e-03
1.299837617521247546e-03
1.429683178416785855e-03
1.281777611241742554e-03
1.382244143672405057e-03
1.399194312146856412e-03
1.436629130478060679e-03
1.322214006549082832e-03
1.643345352876898757e-03
1.394413956286800343e-03
1.275574786442121300e-03
1.567281765822332862e-03
1.630596392423869223e-03
1.381337311447440597e-03
1.424502075446022059e-03
1.334349923695944684e-03
1.420552323574152120e-03
1.567464443945718044e-03
1.478297914334340823e-03
1.309662757709408737e-03
1.635608791459193523e-03
1.305952800196137631e-03
1.497108832060320416e-03
1.421016610660894020e-03
1.551096583497627024e-03
1.098724253350676083e-03
1.499488947453754550e-03
1.325423219181172396e-03
1.117498088865853667e-03
1.440710556259917896e-03
1.273173845744823840e-03
1.270087484975201964e-03
1.241238392203927732e-03
1.192540460204477570e-03
1.230687769203150234e-03
1.116578605183958517e-03
1.406384954178052649e-03
1.216327265448985395e-03
1.272931522538815752e-03
1.342272592021017535e-03
1.127316733785785341e-03
1.253639315824697092e-03
9.527223777415633199e-04
1.296515604804066024e-03
1.201186180907601320e-03
1.023936941735054118e-03
1.186488971899355566e-03
1.040407242430787388e-03
9.710371349333779545e-04
1.205902078561027491e-03
9.253023331040541311e-04
9.633888188901977567e-04
1.014206665154039622e-03
7.685763411483595431e-04
7.015682461813596560e-04
1.028006966673562089e-03
9.550882016620201864e-04
9.527594409283468568e-04
7.196024075850626645e-04
7.894444853887086500e-04
5.752260213520640764e-04
6.212704144919756200e-04
6.495754093390274098e-04
7.585799637102319526e-04
4.326894473639097960e-04
6.009569878867582204e-04
4.963128123017038207e-04
6.027840460789239685e-04
4.504300888091700150e-04
5.745870266690260297e-04
4.897966832903624668e-04
5.364090148415323611e-04
5.140164216728554392e-04
4.036911094338832551e-04
5.080237818518400228e-04
3.636778995911513213e-04
4.850691290349436191e-04
4.275408552662542105e-04
5.674847780696642974e-04
5.045242543635850008e-04
4.756704570948525057e-04
2.927526306344754858e-04
3.421162223634435784e-04
4.263551570174717309e-04
3.156022286803297772e-04
4.337785721057162147e-04
4.242551686137498168e-04
3.732559420279307760e-04
3.218570587830323071e-04
3.523592641847539397e-04
2.970560601712676774e-04
4.314162031853370494e-04
3.064165305037697129e-04
3.511670708748297620e-04
3.319702560394162394e-04
3.778517585711627103e-04
3.810261797860502175e-04
3.535123585807070645e-04
2.797624059370576455e-04
3.381171358409207350e-04
2.412414069144774853e-04
3.315202912731046725e-04
3.414459041805179007e-04
3.677871949543040642e-04
3.515702632795672522e-04
3.296345738196537756e-04
4.605085712565404332e-04
3.431735086347198482e-04
4.234288763565463576e-04
3.658181845881403049e-04
3.434709106284808411e-04
2.776461278623798545e-04
3.643759038572114139e-04
3.619847114069846272e-04
3.905057050509544436e-04
4.546509854333330436e-04
2.846452118004660914e-04
3.694549283602896472e-04
2.717592367010024379e-04
4.139667532055968380e-04
2.645712719723802842e-04
2.713555254700919517e-04
3.265895274723179531e-04
2.413259685125346277e-04
2.234083561345884261e-04
3.029253085691380187e-04
2.456677544035411331e-04
2.927567183035537091e-04
3.313637487678128268e-04
2.903014570884779322e-04
4.038115637091041488e-04
3.840573366251584519e-04
2.844465560147835248e-04
2.759675538253313076e-04
3.185359924532255027e-04
3.787607710994331245e-04
4.968364598855676273e-04
3.273273198387445515e-04
3.159186015630685573e-04
3.013958576939951284e-04
2.530935857308763692e-04
3.427253430122075006e-04
2.779486236697131796e-04
2.826740666381950817e-04
3.255864247580786408e-04
