9.572903241395161467e-03
6.734696106452366104e-03
5.898209079123799270e-03
5.382981213307533319e-03
5.005123911285686011e-03
5.161703574955843477e-03
4.609977043008951780e-03
4.145526040526585632e-03
4.081374631721611246e-03
4.184841970781165432e-03
4.020364296491635292e-03
3.231572493509363847e-03
3.033504301331254455e-03
3.430525623453105355e-03
3.247012351726231982e-03
2.986976323563393654e-03
3.010222982985921725e-03
2.936448230941038351e-03
2.713787651943903867e-03
2.614222478073344180e-03
2.570153092432143904e-03
2.368855841532430118e-03
2.581200024711714086e-03
2.482571084956985280e-03
2.556798473814098083e-03
2.633100038025523032e-03
2.323116298586228728e-03
2.649903827244930871e-03
2.426198266036974638e-03
2.503911755401194011e-03
2.327012037930238642e-03
2.435542143806385812e-03
2.567953430773761703e-03
2.506448982758383015e-03
2.168188115763525214e-03
2.213210275173089353e-03
2.348285957084920300e-03
2.438529622608313907e-03
2.104923993088307632e-03
2.434422449803196747e-03
2.306487368264040216e-03
2.460910171744903202e-03
2.401166672582506767e-03
2.529927933784408695e-03
2.285766765709219828e-03
2.369202337838050010e-03
2.163035423510192845e-03
2.271463517806417143e-03
2.452506362537937301e-03
2.318631433315010426e-03
2.168847507159885057e-03
2.333785847518022455e-03
2.556158112995615683e-03
2.419581725577428510e-03
2.304889139483325133e-03
2.315518519945075626e-03
2.449031107722540040e-03
2.154526034705325777e-03
2.309502492192760242e-03
2.392752643601597090e-03
2.533975960084047796e-03
2.697530515127489342e-03
2.491057348397541366e-03
2.047851617279428799e-03
2.150574077712463783e-03
2.085635079286576182e-03
2.407294240557286691e-03
2.447208068019294386e-03
2.175191107809542473e-03
2.563864385692806586e-03
2.489107293952668581e-03
2.674521978874300210e-03
2.666063525313015076e-03
2.181748528366087708e-03
2.348952755762915429e-03
2.141346452977067882e-03
2.386519763172247760e-03
2.119241868737103962e-03
2.163590690601777111e-03
2.626646856699707544e-03
2.212258810042704721e-03
2.464674312533325640e-03
2.288868896559961147e-03
2.343172910058193004e-03
2.167733567066364164e-03
2.167818514122621387e-03
2.290576868152940926e-03
2.084386825733804821e-03
2.468597626575624177e-03
2.222715366350214161e-03
2.281583496135618921e-03
2.194220073010549193e-03
2.572624065797304155e-03
2.445211870335951831e-03
2.301186328174911061e-03
2.173127680460434918e-03
2.181407361369423759e-03
2.093376409390362847e-03
2.170875112740701385e-03
2.516728120720543999e-03
2.327830324438191073e-03
2.237106404171049917e-03
2.378552620720869593e-03
2.169559562189567192e-03
2.507867325793774332e-03
2.342884482310941124e-03
2.365888192839143978e-03
2.347532648797640009e-03
2.243209327899151756e-03
2.291142212508544967e-03
2.469433402660939358e-03
2.447745700511410466e-03
2.498889072212365225e-03
2.136651452997011258e-03
2.213054673602849604e-03
2.543788880651848272e-03
2.279192606126686366e-03
2.157652397279989642e-03
2.215760399198525576e-03
2.285775961196126471e-03
2.390737188899400012e-03
2.071340866205254733e-03
2.215488314616941706e-03
2.591413624175042257e-03
2.255032407498112207e-03
2.213166185574044764e-03
2.208718012309440065e-03
2.101887218766983895e-03
2.337124744945733024e-03
2.185513376080968490e-03
2.420340593768131876e-03
2.428460842184083229e-03
2.645883512653903619e-03
2.192204234167417776e-03
2.359217107097563715e-03
2.159013495771619495e-03
2.353176273048807748e-03
2.210019943263401981e-03
2.156129316149470870e-03
2.451806013009486668e-03
2.257566905966332249e-03
2.453997993215023543e-03
2.225647266112962264e-03
2.188525898957911775e-03
2.202852439703067294e-03
2.161087553641520553e-03
1.986029669461118752e-03
2.486951483149021924e-03
2.446462792758910543e-03
2.286493495140755339e-03
2.093404832965890805e-03
2.170101294214590859e-03
2.222588329716661260e-03
2.372492480713181418e-03
2.064619775535986301e-03
2.389811061099728073e-03
2.253675300427877143e-03
2.309221301106598179e-03
2.196748403644432218e-03
2.259577717238798328e-03
2.246541706003496452e-03
2.281793028999487549e-03
2.169366700405354204e-03
2.253220243672582335e-03
2.599222926003376399e-03
2.087079018498843447e-03
2.395174411249798019e-03
2.076277901205063336e-03
2.234034503667863686e-03
2.450470161749554454e-03
2.501415678101068241e-03
2.390519187600081974e-03
2.424604049331098576e-03
2.368847340993789075e-03
2.211714514334113535e-03
2.218500703406550006e-03
2.457412654313567701e-03
2.509871833817255149e-03
2.064874885315065578e-03
2.544621317407541605e-03
2.287404903809544393e-03
2.284067071029745322e-03
2.231464231411330046e-03
2.215088344756491190e-03
2.282927051298684618e-03
2.300889763089068035e-03
2.299252067886455031e-03
2.336317667627332839e-03
2.129474266365782853e-03
2.171078865066275454e-03
2.267571021191006758e-03
2.480357599377952527e-03
2.389068305518847468e-03
2.359273599661648735e-03
2.118389964940594478e-03
2.553622515833901818e-03
2.254147755397797881e-03
2.409033550927912326e-03
2.234006385074156775e-03
2.437746008358533667e-03
