8.760075245178047115e-03
6.557593530224149758e-03
5.485850671517696064e-03
4.621882695546048608e-03
4.112497002435044902e-03
3.775430607177915343e-03
3.376501284871689240e-03
3.305937116455565788e-03
3.123254695013420734e-03
2.932576606169152306e-03
2.818805226346178527e-03
2.500168991614253045e-03
2.576619873402435923e-03
2.487176522095235764e-03
2.340194945942657839e-03
2.078356467158929549e-03
2.505119093968291577e-03
2.129737999821041533e-03
2.222976484244833240e-03
2.291880371733844707e-03
2.154999515201674182e-03
2.026499572750851269e-03
1.946971674687734966e-03
2.116790627163672028e-03
1.756456488869288790e-03
1.908906498268445745e-03
1.950780586202096462e-03
1.865653234463433147e-03
1.846062861569498781e-03
1.748848820790918634e-03
1.726961598066359405e-03
1.655914432291513000e-03
1.659579106870038429e-03
1.739667139221152264e-03
1.438483427172364271e-03
1.594391254610954406e-03
1.721330504015010365e-03
1.668572048180810147e-03
1.598947926452029544e-03
1.599739215631827693e-03
1.580677762065916397e-03
1.796914720056726200e-03
1.635582874478219012e-03
1.826717508784936328e-03
1.549680032283170389e-03
1.619088643988565029e-03
1.555243576735212963e-03
1.458954302226755928e-03
1.494999154723664764e-03
1.623350538386386654e-03
1.584143552264122984e-03
1.504786455562543562e-03
1.604964120757404467e-03
1.671723730252896306e-03
1.501397583803090741e-03
1.501264454771507328e-03
1.599737429229419750e-03
1.582541341767721571e-03
1.345121412243969333e-03
1.476578413317209543e-03
1.522990422688535322e-03
1.688650395787329866e-03
1.800727738679022694e-03
1.452635706463947102e-03
1.440103865633896030e-03
1.326450978418949878e-03
1.789579767695628765e-03
1.705849461002040962e-03
1.304368067494468542e-03
1.738374035749556956e-03
1.672963940791152848e-03
1.761245134340980872e-03
1.662424673646932527e-03
1.322121664526956786e-03
1.495412557099711631e-03
1.231780575909401793e-03
1.778824549140019945e-03
1.419799010148149049e-03
1.514184173628523034e-03
1.696282888952384271e-03
1.350477286931463933e-03
1.582264636091193499e-03
1.598687316011541265e-03
1.678798493898382704e-03
1.487891651495751311e-03
1.534622736594628417e-03
1.504181621283098153e-03
1.739392286673857591e-03
1.691603924612834070e-03
1.365644063603940750e-03
1.571368077578710887e-03
1.470462027766471919e-03
1.452862808345160850e-03
1.490879415739668895e-03
1.542111868488994786e-03
1.586010440717988690e-03
1.323335555470917663e-03
1.490784051160549961e-03
1.718543741725885032e-03
1.435458119628273133e-03
1.589010631407709179e-03
1.325549437969343602e-03
1.438148276848377760e-03
1.540349859438770036e-03
1.515310092473100972e-03
1.390776173907495861e-03
1.685603679735029475e-03
1.537662564902557427e-03
1.494818502061453364e-03
1.512190737280354885e-03
1.503523128965907063e-03
1.373650919711821156e-03
1.704325204713669217e-03
1.454589552280820958e-03
1.448113692309314915e-03
1.725760105125588584e-03
1.368610084579988118e-03
1.374146552315703290e-03
1.507313942176354005e-03
1.460692251519152274e-03
1.487849693447503702e-03
1.419051071052244983e-03
1.690213216735368673e-03
1.449820282435815288e-03
1.436318936173502231e-03
1.572767047908228688e-03
1.413820157244630171e-03
1.339624221276279614e-03
1.335444082909007651e-03
1.524799255916226004e-03
1.489522026323665538e-03
1.761273439352430137e-03
1.471163797152622715e-03
1.601666767901525207e-03
1.686563072621969500e-03
1.256987687735994230e-03
1.418589734833372584e-03
1.278196667169641254e-03
1.341216606557709551e-03
1.396337796363167350e-03
1.609887216779699176e-03
1.356478453439571852e-03
1.775808186942635231e-03
1.335486211179515159e-03
1.480365930899948251e-03
1.499943307261539238e-03
1.576049669616341048e-03
1.365833111560004615e-03
1.603206504444839448e-03
1.406632248748842379e-03
1.462597007127700716e-03
1.482197916081166855e-03
1.617500451182904420e-03
1.757741619745095685e-03
1.477806227789337651e-03
1.377456318914196259e-03
1.283465825140987782e-03
1.340118333791700395e-03
1.628705609715602048e-03
1.370982373549739508e-03
1.347959434777720039e-03
1.495787967808383939e-03
1.353839357474947991e-03
1.534788912536111383e-03
1.694588798390309070e-03
1.487423412984061749e-03
1.831412434635290576e-03
1.248665788712712693e-03
1.385524213188851078e-03
1.703752998538931446e-03
1.315679728231836099e-03
1.449378563929119845e-03
1.438938057614590899e-03
1.471156192759899561e-03
1.539787826729387132e-03
1.370230811376469543e-03
1.438465592784266001e-03
1.498097315714048972e-03
1.327443555338956444e-03
1.509119483546969565e-03
1.530762232151046398e-03
1.475018873352568899e-03
1.405714085849385508e-03
1.377136407191326822e-03
1.473016304559711387e-03
1.646903392273777605e-03
1.357335850192421117e-03
1.509944501111686044e-03
1.319691458912079784e-03
1.445300523295549311e-03
1.384567157816041227e-03
1.465456202907867989e-03
1.506110507263385551e-03
1.336827306088961970e-03
1.379603283147810833e-03
1.449558933809075301e-03
1.515607633761736212e-03
1.461537180715302697e-03
1.406324118668277057e-03
1.401756390440767053e-03
1.285929862087834691e-02
1.009167019831451115e-02
7.347514120878577415e-03
6.056332110551350401e-03
4.743871540026332878e-03
3.894787753925845614e-03
3.693030381007322838e-03
3.084705567076257565e-03
2.850784991102667254e-03
2.862927478302551565e-03
2.843834554777369822e-03
2.342940718392569344e-03
2.251218602779034295e-03
2.469141533982987385e-03
2.479785262514914296e-03
2.203783549395398056e-03
2.160928629393508993e-03
2.078663047816398102e-03
2.052370015724273855e-03
1.935051180868053305e-03
2.034834177552419937e-03
2.064384642821080057e-03
2.296462115326886044e-03
1.907058141841864313e-03
1.719804728079435407e-03
1.802115995546360594e-03
1.940164072256760769e-03
2.086547725390405089e-03
1.887320739597860009e-03
2.001998228299356475e-03
1.841784499683165460e-03
1.968431505423817035e-03
1.818540240181461959e-03
1.765823992820738514e-03
1.751911794760634133e-03
1.536722575248533618e-03
1.962002252153486476e-03
1.640919913769207233e-03
1.877944562952902491e-03
1.795369142536466789e-03
1.869523708202654178e-03
1.853621374894826729e-03
2.150056741457396364e-03
1.577455312814505378e-03
1.701681608666533868e-03
1.837953398064490901e-03
1.743847449253179555e-03
1.739732510349180361e-03
1.812929537632325394e-03
1.862412200990856692e-03
1.604408159035588394e-03
1.585680088211749439e-03
1.673100464747334648e-03
1.529309791257642270e-03
1.605499307431073469e-03
1.524350645444799007e-03
1.591020271062938002e-03
1.821970765118668956e-03
1.640774992937445165e-03
1.858330890453514794e-03
1.785420011298752968e-03
1.776333643470146689e-03
1.650598733681563068e-03
1.592836456059700673e-03
1.669808349699628686e-03
1.577844122655429338e-03
1.664982866551673046e-03
1.593857089722365561e-03
1.738769533649625609e-03
1.430274551668976601e-03
1.826474972083283466e-03
1.831732800579945197e-03
1.633855128303843274e-03
1.712784602518478000e-03
1.485949607367410136e-03
1.609551510075753200e-03
1.619758641763474616e-03
1.560188355410170591e-03
1.623902447968842561e-03
1.811616903467996864e-03
1.647577161804237439e-03
1.655403736516781327e-03
1.745166362403353238e-03
1.663007669646006381e-03
1.565328223694328197e-03
1.753070091250211182e-03
1.603406805282803910e-03
1.720664016849820371e-03
1.569881862121352140e-03
1.639650940607039614e-03
1.659385847953016163e-03
1.675367421942203922e-03
1.399585754175883268e-03
1.700721546439371706e-03
1.431277000848274472e-03
1.541384956476290341e-03
1.665492707876806838e-03
1.544909261275550366e-03
1.604369896799753836e-03
1.641622170040345219e-03
1.757159162989994222e-03
1.438891172287529163e-03
1.691437431063230745e-03
1.467747717318217127e-03
1.507145270567417095e-03
1.559392262441075538e-03
1.575152207509637747e-03
1.803500337813561394e-03
1.583153438375659028e-03
1.612736440804639348e-03
1.525639611591394357e-03
1.580781872272032235e-03
1.903456954283917063e-03
1.664364950414592287e-03
1.790971285196840679e-03
1.733971780838783339e-03
1.653759703914178120e-03
1.775175706797950392e-03
1.433149221095830761e-03
1.824088172121769713e-03
1.779813699294221369e-03
1.591064167040728144e-03
1.681766248224674659e-03
1.627317085013901821e-03
1.740175508615778022e-03
1.554486203988434539e-03
1.601448914158629111e-03
1.614685826734803265e-03
1.605886683566735279e-03
1.442940935856926871e-03
1.753415825005946727e-03
1.756087298560655291e-03
1.674142118623399289e-03
1.404188674415697557e-03
1.493453336547365118e-03
1.811416475603642995e-03
1.706306909332169774e-03
1.655724342456327963e-03
1.667442716550567028e-03
1.748992155048364333e-03
1.776745034410547042e-03
1.399118887413449558e-03
1.652996970341973765e-03
1.692709155492730377e-03
1.765530044157567757e-03
1.570266707474468615e-03
1.425444966918480716e-03
1.598643227677352951e-03
1.406147929170944999e-03
1.639717397011422606e-03
1.610942728452746664e-03
1.674779276526601468e-03
1.669850111390088626e-03
1.735612745893063552e-03
1.599115460826978918e-03
1.718100059475514974e-03
1.626968475718595930e-03
1.562243684636505092e-03
1.658589683744573356e-03
1.544616100830495387e-03
1.557623741664463518e-03
1.471367965304521547e-03
1.579705806874609486e-03
1.512953189403469512e-03
1.489177699804871552e-03
1.805249113796779381e-03
1.713582113310949118e-03
1.464810283101393440e-03
1.463180971839055100e-03
1.680201157783195454e-03
1.527442180144777950e-03
1.580982296799548353e-03
1.913761091747422094e-03
1.553230259971422056e-03
1.625287539283697125e-03
1.707544371943703343e-03
1.585234068113932498e-03
1.538222193098372909e-03
1.595616615663101451e-03
1.652299976349708849e-03
1.583246450385378257e-03
1.731585385194141236e-03
1.422166215642391845e-03
1.697478485562009531e-03
1.732724461249592063e-03
1.508550690564242069e-03
1.648029933118223822e-03
1.547945681679971375e-03
1.710108840572519689e-03
1.281692038986276955e-03
1.511682488034644251e-03
1.505652958258680424e-03
1.714551692869249744e-03
1.679086650874454800e-03
1.867088462184564313e-03
1.655474211378966942e-03
1.582561667005231987e-03
1.649741234543210949e-03
1.547196852908723497e-03
1.649591969603507458e-03
1.029799301061209288e-02
6.971935792709264834e-03
5.840449550980272853e-03
4.884077898364536097e-03
4.158202026766096016e-03
3.813768907227836624e-03
3.455097596209471406e-03
3.059408745622556325e-03
2.770770006690400494e-03
2.503425052025914921e-03
2.486348990615578486e-03
2.207875869643483729e-03
2.014926702848918172e-03
2.229574978469595070e-03
2.333763857601998948e-03
1.986830401597583506e-03
2.313840309896605940e-03
1.932862095156584470e-03
1.918697756987598063e-03
2.395404070735105556e-03
2.037670935979892656e-03
1.786209786493714313e-03
1.914464711748938702e-03
1.813485079119981497e-03
1.847277637202212469e-03
1.820332388146612967e-03
1.831915209487448154e-03
1.538046193359666330e-03
1.729931902663062876e-03
1.665750327772792111e-03
1.670208115001844268e-03
1.575915509545101206e-03
1.624909334617022361e-03
1.579577163884005736e-03
1.454221793535073054e-03
1.762260269440985017e-03
1.733501859120242100e-03
1.862151322211950955e-03
1.377426006807978831e-03
1.524189887104617641e-03
1.545773420387430014e-03
1.552873659224785624e-03
1.499967310353768346e-03
1.564082594128282655e-03
1.615876621139305386e-03
1.413087801236768276e-03
1.796199844226051973e-03
1.299178012047586678e-03
1.679363186089764814e-03
1.415778620721352271e-03
1.610893719428831139e-03
1.513188588108595189e-03
1.400520021833415868e-03
1.486706675563161800e-03
1.264749517036131699e-03
1.296864662540329893e-03
1.552536994996332048e-03
1.417751673946875818e-03
1.303157584081299919e-03
1.516407090913392264e-03
1.397512165642097320e-03
1.312158527224483590e-03
1.482261395166235146e-03
1.370584364493752233e-03
1.357134477610894702e-03
1.357170001067810328e-03
1.408768882889370466e-03
1.498886492412098564e-03
1.529613723605154074e-03
1.547119676902956875e-03
1.523712121451175489e-03
1.692698656453869854e-03
1.427031943946208137e-03
1.322272929560112248e-03
1.437010173051110618e-03
1.335016082895629230e-03
1.631301414126793553e-03
1.555467007882394004e-03
1.370877309300484043e-03
1.359170909611042560e-03
1.347674483002075929e-03
1.425009814056521495e-03
1.371657870723321654e-03
1.302607214332847374e-03
1.226161045898295499e-03
1.458542327977055408e-03
1.343836928599493469e-03
1.250133147503305203e-03
1.603270183799555826e-03
1.286224171544600448e-03
1.534458772348191308e-03
1.437974819437411872e-03
1.385598433846547267e-03
1.536530915427523208e-03
1.394054383937581854e-03
1.346336657473082982e-03
1.305074746733282665e-03
1.464612427357552676e-03
1.274105375916913252e-03
1.301752507551979382e-03
1.347259296909691234e-03
1.269004965580834698e-03
1.343249449078185581e-03
1.241445623191325676e-03
1.389387113457554723e-03
1.384181192894622103e-03
1.507382589955075930e-03
1.192716444870928205e-03
1.504453631658797530e-03
1.389525255351565375e-03
1.310865370048507061e-03
1.408869441401568168e-03
1.241154166810375797e-03
1.216676856660936501e-03
1.393516227360048348e-03
1.208269639608631346e-03
1.255232365236919057e-03
1.324096170431311725e-03
1.284219588489527580e-03
1.401538442094431292e-03
1.344740624905013671e-03
1.287153262195455533e-03
1.300165717381274871e-03
1.467800186204199636e-03
1.434260598199101067e-03
1.288792695511881137e-03
1.480033319060707064e-03
1.255819741837672920e-03
1.572530048770948152e-03
1.382622892954252225e-03
1.332582676826489509e-03
1.280333304221659835e-03
1.426823634306177702e-03
1.365514378308698568e-03
1.510463812734057221e-03
1.498130894837933214e-03
1.538270168031870971e-03
1.453080380915263564e-03
1.585157958693038383e-03
1.399545723253903251e-03
1.393686469432168368e-03
1.326789740156802261e-03
1.424955266442626961e-03
1.384389771556686355e-03
1.413335991603176245e-03
1.516467304858964971e-03
1.433233474141658997e-03
1.346499466215941854e-03
1.311921531255404866e-03
1.568227860457946377e-03
1.402367107393151513e-03
1.325975049706103887e-03
1.322861182237546063e-03
1.371262687768853850e-03
1.453478345277637446e-03
1.481000898989743436e-03
1.526140541785871857e-03
1.440699983143667318e-03
1.379137436267198480e-03
1.465576929034068110e-03
1.353196481091969300e-03
1.261122176443793541e-03
1.363290083232784888e-03
1.379770707134179986e-03
1.414261747255715629e-03
1.113377121358151423e-03
1.424306151774183682e-03
1.266170844751644126e-03
1.387848640205160272e-03
1.311998043415949639e-03
1.234358308505184576e-03
1.270226926176998977e-03
1.268336143033874791e-03
1.389264816696978572e-03
1.613429902609011396e-03
1.191300139639202282e-03
1.340390973059636670e-03
1.561256803613606664e-03
1.271231475128128952e-03
1.296845866182581852e-03
1.550053567110135783e-03
1.344806285075231256e-03
1.143277016230889731e-03
1.367251695268759115e-03
1.318954207700912679e-03
1.335996085712831682e-03
1.396320915051513234e-03
1.325994442304113952e-03
1.363779337188130575e-03
1.255783556099523968e-03
1.217627687298206834e-03
1.292050579606959099e-03
1.430602142919842196e-03
1.261221538511870383e-03
1.257410870643668743e-03
1.277385646154441390e-03
1.169236550381581169e-03
1.506601736767698707e-03
1.113527600067068524e-03
1.324625619951634581e-03
9.731137515186380482e-03
6.315307920284417287e-03
5.235494021431048167e-03
4.472943972909745880e-03
4.105498537082280519e-03
3.725231624965880117e-03
3.800398662960297741e-03
3.956381543250724053e-03
3.421243305419444103e-03
3.247639298021194609e-03
3.110898326901801597e-03
2.793118260826649157e-03
2.970717329302850068e-03
2.616871139091554027e-03
2.920945595292885610e-03
2.484598898494574937e-03
3.043970905796739707e-03
2.580624808163040074e-03
2.340978598905949642e-03
2.297962831211506490e-03
2.440521282354689292e-03
2.341685908359612822e-03
2.587510075817825439e-03
2.317372430604758282e-03
2.377978510518199973e-03
2.298660822298115997e-03
2.066157522250082479e-03
1.912107758522994111e-03
1.781774421155114113e-03
2.035584399436372871e-03
1.791447263100976600e-03
1.796442533553949811e-03
1.987295699267956073e-03
2.089730530289657384e-03
1.813104140101527012e-03
2.005915826176766364e-03
1.703127864038127964e-03
1.682987855009344946e-03
1.655764384757531932e-03
1.569799693889720182e-03
1.500052707836922739e-03
1.623664267586907850e-03
1.809440325677019040e-03
1.339135989635316382e-03
1.467342143246491010e-03
1.548491372071185423e-03
1.527783649862335391e-03
1.352394438939613641e-03
1.483991349495540624e-03
1.569863954828849134e-03
1.444619406806978146e-03
1.360530407759404786e-03
1.369614289465796719e-03
1.307630011008385773e-03
1.277891425522821589e-03
1.369082603266114778e-03
1.254688417705387971e-03
1.230158236230020213e-03
1.172163683957502117e-03
1.273999767470581496e-03
1.208720061376945126e-03
1.341896145404669616e-03
1.110961488308460227e-03
1.306224162110417031e-03
1.261790519169143920e-03
1.186966888559341793e-03
1.151314210529625487e-03
1.142050980480847910e-03
1.343630994837530235e-03
1.243615838045414312e-03
1.207531689007376730e-03
9.649587342536146417e-04
1.286294349719212249e-03
1.197033158495942190e-03
1.300769419331840315e-03
1.240039262288255423e-03
1.446678710624347414e-03
1.271591533953203568e-03
1.106058690868692157e-03
1.208883128796883755e-03
1.278869733243391538e-03
1.313643378903345954e-03
1.280104384671101186e-03
1.062749930999938586e-03
1.194281276846013290e-03
9.466310719817780384e-04
1.221407735156630758e-03
1.232966773736694777e-03
1.098044841324918863e-03
1.030827592332278497e-03
1.169398421955607920e-03
1.179383686793874370e-03
1.135107115471937350e-03
1.078200175839219566e-03
1.418750519308707020e-03
1.087634595307765406e-03
1.315496707377832725e-03
1.235617834089996342e-03
1.286760318326779506e-03
1.349928439030086830e-03
1.266641307886364615e-03
1.068316453446748610e-03
1.374745951047647019e-03
1.255389731225239197e-03
1.127108188586863069e-03
1.258040990956374450e-03
1.401019893811122213e-03
1.177839166385544201e-03
1.214690672139483868e-03
1.002620249786954215e-03
1.201461489139014904e-03
1.219742316207608063e-03
1.293288523653450539e-03
1.323562227951342180e-03
1.246126648697876843e-03
1.204025185199898013e-03
1.268753128571994265e-03
1.258076784610838439e-03
1.169201143417102767e-03
1.046416940789472033e-03
1.238691728463962860e-03
1.068432525482103379e-03
1.153360784013023749e-03
1.030646410656203132e-03
1.087399312904371862e-03
1.155396738638708731e-03
1.176949999072012670e-03
1.348372860988086841e-03
1.128381682278179615e-03
1.243962072763806631e-03
1.142775809661464997e-03
1.269392699124037571e-03
1.124408651262828740e-03
1.147055433785435646e-03
1.287486921602534751e-03
1.125148222752142546e-03
1.036616437471018365e-03
1.001566501843399043e-03
1.193784086352671359e-03
1.267965629114756188e-03
1.412103665931776358e-03
1.226380830345139006e-03
1.207340429594184333e-03
1.110238850457908460e-03
1.220428280984155178e-03
1.228238135949952237e-03
1.087405416963706239e-03
1.223902249010051096e-03
1.160768389644763893e-03
1.101517704762841610e-03
1.243735219169896794e-03
1.210248293344089177e-03
1.112623602548185042e-03
9.986702496110333449e-04
1.246328114986684776e-03
1.084677292774911123e-03
1.122747242640532994e-03
1.230784645512728731e-03
1.073341715154024767e-03
1.245952294449795966e-03
1.298701749119553911e-03
1.211433804078142218e-03
1.069162138525890648e-03
1.152050148574258748e-03
9.780279263940094836e-04
1.182540463393499941e-03
1.187908812719157270e-03
1.374286668145815321e-03
1.273556569961097756e-03
1.072510968129061770e-03
1.247033101294679064e-03
1.510425738816864594e-03
1.174867600815275581e-03
9.516408715568025478e-04
1.088118217979026220e-03
1.275732833788671694e-03
1.161334786514194028e-03
8.670284286846074995e-04
1.004752108547508904e-03
1.141997620737664892e-03
1.148968655675021433e-03
1.139116091145302156e-03
9.602811000960463639e-04
1.011690832662240358e-03
1.050393415970969635e-03
1.173483017909111165e-03
1.180489077378690105e-03
7.334022261145933808e-04
9.192800972718691288e-04
1.064681627047311258e-03
1.164251094269461856e-03
1.161382428418383100e-03
1.133104418929130330e-03
1.183972007561907847e-03
1.077386331879252868e-03
1.011291902431162015e-03
9.966792859729123322e-04
1.069177967161841214e-03
9.356823001128375394e-04
1.215364257530961861e-03
9.060048370218287683e-03
7.357174376294194768e-03
4.679576874283379595e-03
3.757496712714199216e-03
3.635165272207412090e-03
3.334157049984978749e-03
3.340320713085292992e-03
2.999162919183725323e-03
3.165608013993074371e-03
2.809975882938502839e-03
2.995183513182505392e-03
2.774956025953363020e-03
2.580664067680676910e-03
2.172342879679510508e-03
2.389024934443671755e-03
2.168061607740509600e-03
1.634439556177202935e-03
1.909693648013209566e-03
2.026910047012473598e-03
1.542201157796050520e-03
1.925261548121892652e-03
1.670737576395703999e-03
1.618255930798295078e-03
1.675593868587080260e-03
1.696252511829008519e-03
1.375883204211194449e-03
1.597758404078618993e-03
1.359921975463022903e-03
1.309530864083821577e-03
1.299866291901517062e-03
1.409281000191046906e-03
1.338586500232424176e-03
1.262893630123870792e-03
1.402557258184833344e-03
1.149705233204092319e-03
1.498775197753005745e-03
1.149527294149126078e-03
1.283746676213792098e-03
1.407554810481798091e-03
1.194647813456538310e-03
1.227439197621364025e-03
1.148582207788056281e-03
1.425814546955405521e-03
1.226106531593256638e-03
1.362441869401924410e-03
1.173087133864204185e-03
1.233604136205313645e-03
1.201531290047880285e-03
1.287206604314909686e-03
1.352283905047216989e-03
1.334532497777436710e-03
1.334173247489633951e-03
1.152401066942893015e-03
1.207047351693885107e-03
1.128507889342780790e-03
1.229874167124361817e-03
1.112905048291305821e-03
1.259034081966696472e-03
1.304317362201094788e-03
1.032138974437390305e-03
1.098082946351313510e-03
1.312493637563073162e-03
1.150567807269600035e-03
1.318685650987569402e-03
1.335985659155818073e-03
1.217295618867804408e-03
1.165354447891214090e-03
1.043953402856019619e-03
1.082987786772422051e-03
9.740648133785001495e-04
1.149503484670664349e-03
1.336708590842998479e-03
1.195066046620785194e-03
9.365451746959733981e-04
1.058592724775282018e-03
9.817492192096856363e-04
1.079724203738120780e-03
1.139196915459529669e-03
1.136435707752923852e-03
1.132099524952218106e-03
1.222006529505804961e-03
1.229819312888826011e-03
1.167862977713138295e-03
1.224659325917365482e-03
1.118742069654756616e-03
1.130859788601914356e-03
1.126038337058245242e-03
1.094652703390718712e-03
1.105269403584043658e-03
1.116132216010430611e-03
1.180170777988279185e-03
1.045851913422393697e-03
1.162432228313921290e-03
1.018298415059931683e-03
1.386137849876553640e-03
1.131602138762149989e-03
1.000694281749158615e-03
1.174019971198769080e-03
1.115115426205227217e-03
1.088970089770071453e-03
9.783082357385508576e-04
1.260722080136042478e-03
1.160103705617167996e-03
1.036752368957932074e-03
1.387425749043928735e-03
1.164934813518102991e-03
1.217239976698657883e-03
1.126808184506115224e-03
1.178648360786418992e-03
1.116673952209670806e-03
1.022072012980438510e-03
8.944935436187399780e-04
1.017590385078651766e-03
1.160688002560167353e-03
9.066307435177008156e-04
1.172624861236155891e-03
9.300790803769727610e-04
1.161719813471004392e-03
1.068690457631402135e-03
9.816304386571945984e-04
1.212231141348649177e-03
1.144919501273267137e-03
8.854902587652896395e-04
1.002742463276001805e-03
1.064521708845567877e-03
1.099422651045886545e-03
1.058733807298123386e-03
1.151973772933426177e-03
1.052259739848033365e-03
1.153978548776631724e-03
9.483799604459441923e-04
9.795373958413206017e-04
1.039673797647015785e-03
1.083512743070932927e-03
1.195507787690633372e-03
1.094087959016710326e-03
1.233164407456958933e-03
1.192893964635361598e-03
1.203899111088632679e-03
1.067895908757436618e-03
1.152757050668314076e-03
1.090689935727466586e-03
1.003405452803189657e-03
1.037618180478691587e-03
1.081901705385305418e-03
1.024429985498214596e-03
9.524173839939586994e-04
1.057242745464450490e-03
1.073574953870184978e-03
1.128170610355229420e-03
1.065462107812442660e-03
1.074372758849185400e-03
1.079554018874277072e-03
9.247889799044103909e-04
1.062886040900355017e-03
1.242745283065418288e-03
1.254279279070034947e-03
1.043630872308538154e-03
1.096353591214342671e-03
9.913972264261779188e-04
9.881375381555201898e-04
1.365293056124462778e-03
1.120338008373925054e-03
1.068971873384231414e-03
9.177366292237830459e-04
1.089623435683809843e-03
9.252506797346182754e-04
9.611804975325419220e-04
1.122039246556964104e-03
1.147454997024007634e-03
1.021247608673090529e-03
1.110840896267509953e-03
8.954861923854660899e-04
1.012585881774309693e-03
1.160994252176649616e-03
9.778568813622948164e-04
9.710114417989246238e-04
1.091233507096497218e-03
1.036696889021564844e-03
1.118411720618658206e-03
1.314099095658202709e-03
1.079148790612608627e-03
1.083921631361409177e-03
1.038555754665496794e-03
1.157457995707492776e-03
1.038809856820976929e-03
1.178290906755290884e-03
1.231342354545861273e-03
9.437963515978933793e-04
1.120401274934637592e-03
8.745134022283551634e-04
9.342754765278189766e-04
1.096982088076972617e-03
1.008796461639007574e-03
9.424324950092245745e-04
1.164132733840781558e-03
1.032890616016194502e-03
1.079898184930368904e-03
1.287931809070431283e-03
1.191839801844635921e-03
1.008039783577086707e-02
6.420192772997546093e-03
5.169507579609069342e-03
3.553970517151408548e-03
3.070021413830541918e-03
2.398018461288422415e-03
2.345373911459038008e-03
2.103672369176506213e-03
2.115738454062168761e-03
1.521274065312841484e-03
2.019743708354445472e-03
1.877147239328826739e-03
1.609628640740302929e-03
1.778057986241639993e-03
1.609908997673575870e-03
1.735126902276298844e-03
1.607923912438517788e-03
1.498742334588389069e-03
1.764980105014531120e-03
1.938641976202068462e-03
1.330210194229741738e-03
1.467845110129099157e-03
1.534367279504844639e-03
1.391243984961178931e-03
1.710268681943533792e-03
1.426680572748365711e-03
1.117913407510606749e-03
1.462938337068127315e-03
1.391878262674471622e-03
1.542687444129775542e-03
1.134499529609284130e-03
1.310685226684461802e-03
1.300638254486990303e-03
1.471713770436089419e-03
1.361556924448562717e-03
1.214434268282008067e-03
1.243258876069797125e-03
1.328193795563720886e-03
1.404924329138714650e-03
1.171815392656875426e-03
1.338175453981207269e-03
1.223233481855323657e-03
1.248775065902554826e-03
1.217737393266374313e-03
1.136366006843397142e-03
1.104245870836441379e-03
1.165976356603010133e-03
9.337474150526506311e-04
1.176930253810028193e-03
1.233187228805755764e-03
1.246741337591478205e-03
1.119114580920062968e-03
1.048079821649020027e-03
1.219515024736564368e-03
1.140746262748196238e-03
1.287443499602358710e-03
1.252568136936228760e-03
1.120619038006444995e-03
1.012658982809465369e-03
1.070587335121657435e-03
1.141453571087889390e-03
1.005911139511917601e-03
1.029660904665774535e-03
1.248083067350597847e-03
1.082251243963175402e-03
1.007879819339033839e-03
1.106253190740300041e-03
1.065418479476033797e-03
1.230115178905692719e-03
1.018133466338583260e-03
8.515739125994348235e-04
1.067119232852832555e-03
9.754404508448798194e-04
9.793493562143609776e-04
9.957264943368689114e-04
1.104906745482095443e-03
1.187272278695410133e-03
1.069303491705163311e-03
1.104215794668187561e-03
1.046353059753177966e-03
1.257690686946970338e-03
9.572683144921656506e-04
9.507881989490180041e-04
1.124896996504001073e-03
9.942201959365834507e-04
1.036982686931232911e-03
1.053235751273202958e-03
1.098881422619147480e-03
1.220332723559671567e-03
1.097705937361078549e-03
1.136216944763065312e-03
9.407185235958126501e-04
9.904207454939258082e-04
1.033082692437719413e-03
1.040455830145052551e-03
1.135791916683601133e-03
1.155106418107437055e-03
1.031520864314912356e-03
1.052327718225210679e-03
1.059404202117232574e-03
9.759412250557528146e-04
1.081418852369651212e-03
1.106128841624837156e-03
1.205841283007137721e-03
1.120932573159823253e-03
1.114156263325949414e-03
1.069425650123276977e-03
1.177410477302756608e-03
9.962540204286537970e-04
9.952165310588706459e-04
9.134111376956459416e-04
9.623853774014604068e-04
1.137769721483796598e-03
9.708729811005699373e-04
1.163904119813655852e-03
1.036774685284319597e-03
1.136245039206302404e-03
1.119600214077309808e-03
1.161163018395895696e-03
1.094649015975869555e-03
8.547582120891315804e-04
9.958493643480864632e-04
1.055973758101083626e-03
9.164163383850384981e-04
9.442902771742839318e-04
1.183271901445931418e-03
1.244220672626965285e-03
1.287944393693368772e-03
1.115163809033217768e-03
1.028374698350178335e-03
8.856510464348293921e-04
1.172877730820417325e-03
1.044878185337553417e-03
1.197489092498650598e-03
1.147284417084584035e-03
9.925414459641124232e-04
1.086246042487158669e-03
1.284374073694475454e-03
1.009148450185418100e-03
9.724474609990561846e-04
1.072427307605004765e-03
1.060712248722405632e-03
9.147812004707787936e-04
1.005288408978923659e-03
1.052625396329175816e-03
9.252926212440087950e-04
1.141976148250647277e-03
9.480325444831162740e-04
1.163706199765229127e-03
1.046215003575712288e-03
1.083594311840834629e-03
1.031461125892741554e-03
9.881697933470101614e-04
9.966282213456009731e-04
9.707139037037487705e-04
8.596793965101393042e-04
9.642555721342226105e-04
9.562031067373334692e-04
9.901809910896168521e-04
1.072767599523190285e-03
9.927349818352713962e-04
1.210948792006442953e-03
1.093254783086073517e-03
1.219594732157196909e-03
9.709413931594246261e-04
1.168069954679239186e-03
9.805274070698970224e-04
1.114109870014697717e-03
9.663836140088588600e-04
8.888698146718825022e-04
1.021513100310598304e-03
9.486048323442373975e-04
1.129912136621669116e-03
1.055312873594688866e-03
1.117808994522382499e-03
1.095581194532273955e-03
1.103726865358846398e-03
1.127710423130937056e-03
9.745590592593646184e-04
9.487926763483214843e-04
9.648161536394694870e-04
9.381195396288705135e-04
9.462231454310139622e-04
1.009579208498156272e-03
1.014652315775826930e-03
9.496575285634183128e-04
9.873424638531767827e-04
1.036641098216675716e-03
9.787695649001483533e-04
9.793947843789833907e-04
1.000722925535223878e-03
1.067147108491071222e-03
1.058104603328141602e-03
1.089846340925973434e-03
9.809805514499649048e-04
1.061523454016662787e-03
1.083328619822031963e-03
1.106550809416673858e-03
9.581338726103415249e-04
1.005868728162103570e-03
6.999342162436465731e-03
4.882483903394921332e-03
3.771228088295327380e-03
3.226956755534599736e-03
3.279424061440154581e-03
2.637778896896605940e-03
2.261015554279974249e-03
2.396814300215599491e-03
2.270032029940621116e-03
2.363582896830265789e-03
2.052329765741166961e-03
1.976194541002455202e-03
2.004721870220542435e-03
1.957877986926988279e-03
2.071335992749064048e-03
2.260248096508456900e-03
2.144018342094485691e-03
1.991066628764394386e-03
1.988324193606876705e-03
2.124837410507202096e-03
1.892042156767820976e-03
1.992831201296344640e-03
2.019117829090581739e-03
1.987466339698564649e-03
2.091260792159925497e-03
1.888086806086534952e-03
1.861956399884401314e-03
2.139613768359079765e-03
2.005082047839203130e-03
2.012022496927987070e-03
1.870227278772049195e-03
2.066440254468490667e-03
1.898911972298890360e-03
1.765472834056803358e-03
2.034865485483733361e-03
2.175632369068800087e-03
1.895903549191269716e-03
1.974609061613324251e-03
1.784998699975094694e-03
1.879161374683527980e-03
1.844393586620963338e-03
1.941554495958595222e-03
1.818970626520862582e-03
1.918567149994773041e-03
1.726933953520644327e-03
2.013966796292128436e-03
1.879858228069498927e-03
1.781854451858973232e-03
1.778685072646526283e-03
1.627789081909400415e-03
1.844590711866132132e-03
1.646763437484502490e-03
1.803845840646963600e-03
1.535277697406130931e-03
1.753103270418481657e-03
1.799694430680558177e-03
1.462137714682874151e-03
1.713257521245434983e-03
1.327490512974989489e-03
1.841486389366379234e-03
1.854411661500306174e-03
1.416676698588466982e-03
1.701769732082691888e-03
1.842919256276633749e-03
1.473544151996471208e-03
1.513823947348381244e-03
1.589048648959409671e-03
1.645533286005980422e-03
1.582808235829621241e-03
1.497714018760056692e-03
1.577752140505421508e-03
1.708969908510743485e-03
1.887800153420368665e-03
1.578849765988210585e-03
1.710212830770361375e-03
1.598635966767104899e-03
1.459967981865574471e-03
1.546423597850281328e-03
1.462476128959590282e-03
1.679985252306694793e-03
1.556695855824980629e-03
1.762827180413224087e-03
1.660597722044118707e-03
1.842869256896750851e-03
1.593959422382995594e-03
1.298108859533658732e-03
1.395894777565714895e-03
1.547819037640837253e-03
1.522240008335555561e-03
1.653433933115414090e-03
1.558559100105886414e-03
1.770585690389264721e-03
1.503444630295631274e-03
1.404330984035823821e-03
1.555157722320316127e-03
1.449737267037256444e-03
1.411701395133971998e-03
1.477447207900623588e-03
1.630760668068380326e-03
1.486288872046805098e-03
1.517371022786932061e-03
1.373157033826226392e-03
1.546594646307391380e-03
1.511952857727375671e-03
1.512749400639938624e-03
1.859530197690088121e-03
1.549497860434130569e-03
1.511611701204063074e-03
1.488841652420976047e-03
1.648710015139019658e-03
1.618248598999283416e-03
1.659690958615196027e-03
1.532748222465424998e-03
1.407406768393681951e-03
1.528289056879027913e-03
1.330645666107535541e-03
1.528274079351209236e-03
1.395214887994624536e-03
1.415004539509694820e-03
1.461548818948697065e-03
1.473286905427376170e-03
1.432260976713589651e-03
1.384068999746804890e-03
1.547444105950743221e-03
1.509489080911495529e-03
1.404531073829470844e-03
1.535673099153068988e-03
1.451345846611808155e-03
1.357601984091048181e-03
1.622633745099359009e-03
1.637029124062383545e-03
1.526904036207470117e-03
1.377600467501700204e-03
1.547672682731666277e-03
1.388556541977403053e-03
1.609129333825062153e-03
1.498036997410075871e-03
1.423811438897137904e-03
1.650544595626132066e-03
1.383074527386819741e-03
1.675143687897034939e-03
1.541255800080298943e-03
1.440542235252608577e-03
1.316635774148547378e-03
1.700206196066332553e-03
1.579662273864426703e-03
1.398409062938747727e-03
1.599634728416135521e-03
1.582999770501955505e-03
1.453987336914246836e-03
1.289102142837443565e-03
1.594226485753576922e-03
1.490059167300470527e-03
1.616094422911672907e-03
1.416743116418178738e-03
1.669346194346808115e-03
1.459765063107666683e-03
1.429255322838090397e-03
1.429596133285679360e-03
1.429676987748221273e-03
1.523616146367964830e-03
1.400916110324664648e-03
1.650920479572041966e-03
1.463914462040763476e-03
1.510706899065468456e-03
1.410010008394930320e-03
1.412301702904374817e-03
1.506123874440132987e-03
1.482755580390821004e-03
1.357322512617782639e-03
1.634364653354914571e-03
1.558507083952533068e-03
1.314507308992785700e-03
1.425509751980261197e-03
1.433782569402301116e-03
1.607816108059958310e-03
1.814837770793099186e-03
1.552845926927306358e-03
1.284055263665390828e-03
1.464007731032803544e-03
1.332948313510082944e-03
1.515490189486188438e-03
1.511596410140099433e-03
1.475369322401210576e-03
1.415554640662307351e-03
1.490200246785131077e-03
1.458645770955970672e-03
1.457093758995008786e-03
1.372585568107709264e-03
1.799329485935766137e-03
1.351445424535271250e-03
1.480206299372392731e-03
1.415694927768454403e-03
1.324105009211429262e-03
1.591722863601666149e-03
1.516900788858036031e-03
1.617325232539264940e-03
1.581807636983116605e-03
1.585749179171491025e-03
1.526834762083754959e-03
7.561441573106054276e-03
5.743357657241314473e-03
5.542771637730755513e-03
4.196826779869891610e-03
3.560489633698822598e-03
3.556888864511456583e-03
2.993013068085012551e-03
2.706273167319500628e-03
2.816573398267286504e-03
2.583219548514485014e-03
2.548030274886082386e-03
2.517631593462237027e-03
2.338119649539394107e-03
2.463037323563514042e-03
2.211710449679007984e-03
2.068114045178280624e-03
2.142540402704409819e-03
1.936206840178644750e-03
1.980494746395590477e-03
1.658922560296940962e-03
1.916242405175159341e-03
1.837199855009581662e-03
1.812526386502776032e-03
1.806500642412778301e-03
1.510958042114773220e-03
1.608454528136779582e-03
1.624209451260922449e-03
1.707479417274532230e-03
1.581398920538035907e-03
1.426864942304671702e-03
1.403734675563945294e-03
1.266875524402653885e-03
1.359289027740639283e-03
1.578083300957797835e-03
1.547945112550928870e-03
1.475580486957912135e-03
1.257272483614312042e-03
1.274017350849195734e-03
1.388493124456307432e-03
1.288722515010679026e-03
1.395891697313675350e-03
1.368681407100301450e-03
1.220000916438843813e-03
1.305893776782651033e-03
1.376051085252821826e-03
1.423169823314474058e-03
1.418410672341066658e-03
1.279790695002745726e-03
1.510832974033010645e-03
1.464210130361597029e-03
1.345782101712149348e-03
1.246325595598347935e-03
1.315268888727731678e-03
1.121195689878021207e-03
1.203855604499055182e-03
1.279696771871303290e-03
1.364187952630720180e-03
1.288708581178625578e-03
1.249210678915670808e-03
1.271880415767676770e-03
1.330869638989651271e-03
1.159378015145269558e-03
1.330674220254544210e-03
1.311912631525840450e-03
9.711601257353340289e-04
1.245031872672656970e-03
1.294278729049230109e-03
1.536871503615151735e-03
1.219237800174587799e-03
1.235466577709357083e-03
1.188231045080631598e-03
1.482026643082636624e-03
1.343613173959094104e-03
1.240405759291459548e-03
1.212997311787061827e-03
1.178379233873098203e-03
1.229077676346741060e-03
1.299158912980054315e-03
1.187568943927550663e-03
1.186019022256196848e-03
1.209927310584210658e-03
1.151489916786874179e-03
1.131587339641967199e-03
1.282950313977598844e-03
1.413859248187356032e-03
1.280502628316582125e-03
1.124360063944833399e-03
1.132368993713311206e-03
1.296165761477091616e-03
1.254898943988554810e-03
1.205909621533173687e-03
1.171998904996550406e-03
1.293674721725562859e-03
1.296248494021490227e-03
1.435273203071414649e-03
1.109560960058243728e-03
1.261263095615444696e-03
1.283409394506229012e-03
1.524460621106400737e-03
1.248890371384175912e-03
1.340318537821405531e-03
1.248016479412299151e-03
1.138549148235232233e-03
1.159955968956676020e-03
1.289823722431988201e-03
1.119607996768728214e-03
1.436913761424827435e-03
1.311825185516323627e-03
1.339718692478571171e-03
1.165890760308724988e-03
1.404534302396079348e-03
1.181408041475283388e-03
1.333799115198756879e-03
1.174116280782587507e-03
1.246470566761109788e-03
1.215621411978444477e-03
1.309294436201251244e-03
1.097994456118880219e-03
1.419305486445397030e-03
1.324674988084723060e-03
1.328503352201738236e-03
1.267700943656028395e-03
1.228759674565958054e-03
1.318025251483143784e-03
1.132073728305146160e-03
1.190408034522423553e-03
1.231666998400406804e-03
1.385169313267816532e-03
1.083445013360787024e-03
1.096865640578679330e-03
1.372350648142808133e-03
1.199735632770738969e-03
1.309287988866817548e-03
1.176849865230686354e-03
1.107615608754646680e-03
1.146546819381581706e-03
1.084947417856578500e-03
1.117851205363076805e-03
1.302099724835071443e-03
1.315564102752270204e-03
1.187833358317593596e-03
1.388280054427197541e-03
1.114242815951026894e-03
1.148325588564692162e-03
1.214714300237104694e-03
1.140739118807243546e-03
1.187448895563478213e-03
9.772573582248721136e-04
1.107581706044261094e-03
1.224218924696162530e-03
1.158246654655185892e-03
1.266313279810138415e-03
1.214097604928344315e-03
1.342207690039644991e-03
1.309089586873642824e-03
1.401966863507395078e-03
1.495590563414524871e-03
1.217095571901277706e-03
1.214545066422496877e-03
1.263183798951399150e-03
1.141429631923374100e-03
1.387533212811476596e-03
1.229103596924716740e-03
1.171490695596459630e-03
1.167235560384644044e-03
1.137765499783904150e-03
1.345531094488958829e-03
1.047479162073212955e-03
1.352334671851550263e-03
1.249382544480842627e-03
1.380623750667414606e-03
1.148210436733177603e-03
1.245371025401603021e-03
1.292725864123364654e-03
1.212240459976220153e-03
1.330822044498521789e-03
1.162377243500010982e-03
1.236199451657617882e-03
1.130694350715451268e-03
1.239996526379211206e-03
1.420058772670627217e-03
1.334070010418922370e-03
1.261933028551702474e-03
1.294602343007683620e-03
1.272098485924015587e-03
1.161548733271868666e-03
1.256196112135832960e-03
1.307968666724414891e-03
1.482242324562683955e-03
1.160170160138713352e-03
1.259740354412054036e-03
1.307556854928487028e-03
1.099799605729541441e-03
1.224986203935133494e-03
1.378453791338989098e-03
1.266301918853511566e-03
1.505802088640175590e-03
1.145293221414021151e-03
1.155675470944503985e-03
1.059494522429167002e-03
6.674714472533128939e-03
5.292344892770726311e-03
3.942966042426290785e-03
4.106957576621189654e-03
3.412391104777534601e-03
3.442692215305402648e-03
3.044888867750603079e-03
2.686517470542073432e-03
2.670375909792323948e-03
2.507997846889011700e-03
2.551326660771055521e-03
2.388269822482955163e-03
2.510376739487348019e-03
2.101972018352014915e-03
2.059963261707993543e-03
2.170389664191377244e-03
2.132911389609696423e-03
2.190676360771390968e-03
2.159473800661299708e-03
1.926713352881737756e-03
2.057373606586445497e-03
2.024319435522295429e-03
1.968516505094497493e-03
2.042109901616274981e-03
2.061435892383604862e-03
1.966180141676002191e-03
1.827525017585578809e-03
2.090988141383535309e-03
2.114326146371747761e-03
2.018374680976972591e-03
1.924955811759027080e-03
2.005969474986605411e-03
1.777311357649056373e-03
1.831179359073915186e-03
1.679167095574987667e-03
1.878423270715121052e-03
1.872209705829869925e-03
2.277444276908568987e-03
2.016117233632052502e-03
1.933476981951003093e-03
1.859454370829148606e-03
1.870260324932173507e-03
1.885416842967720802e-03
1.869377376640259103e-03
1.826343463040825538e-03
1.782457801378679874e-03
1.727292620757835823e-03
1.859695235769183441e-03
1.742690765127650337e-03
1.834857556402825357e-03
2.100696760099891869e-03
1.723302831447528355e-03
1.829981852643165763e-03
1.810624853817974916e-03
1.736880682454776392e-03
1.780976441427405133e-03
1.896801158051339420e-03
1.814277559700702008e-03
1.802426949218768892e-03
1.846163907057805226e-03
1.606163407408864319e-03
1.723297310584598341e-03
1.877768199635681395e-03
1.877438097206234752e-03
1.993684671968597860e-03
1.663871366446082606e-03
1.848309511846626951e-03
1.919092106389047592e-03
1.891269025187113789e-03
1.749027444612985538e-03
1.726763805518154865e-03
1.920945525430133721e-03
1.695485263354255118e-03
1.659746784978471251e-03
1.955120802848504119e-03
1.683478988838440354e-03
1.619809342562623933e-03
1.886097162001901251e-03
1.746007442055934333e-03
1.857136388978164465e-03
1.767277925510239017e-03
1.710688121420170932e-03
1.854130005086371269e-03
1.743905972191220344e-03
1.772303350385914106e-03
1.741279266388284785e-03
1.856826489879902925e-03
1.801841607291458647e-03
1.685754582355425413e-03
1.946151168362580952e-03
1.757086082281894557e-03
1.888884049411412858e-03
1.730786652997893388e-03
1.862744827792157248e-03
1.556715367925527033e-03
1.826418875610320153e-03
1.708905909923244537e-03
1.856557053398027318e-03
1.651869180352240341e-03
1.790315023549492873e-03
1.656573551388641069e-03
2.111845476111262609e-03
1.656628124243008510e-03
1.702094540737643380e-03
1.956277193475970677e-03
1.608825668465870690e-03
1.736750032093000579e-03
1.565780877368350837e-03
1.552845355235341757e-03
1.753653808910661527e-03
1.634982522199374122e-03
1.817598853668396519e-03
1.728182653632934218e-03
1.492708241463639590e-03
1.680016460441548926e-03
1.872617674150350159e-03
1.629467083872838257e-03
1.738519589372832658e-03
1.528367593797513857e-03
1.810271587686002742e-03
1.679274006339957770e-03
1.867401558954095986e-03
1.492788287668647684e-03
1.685412168622727608e-03
1.627083064222559217e-03
1.627567699229070380e-03
1.577895799754546607e-03
1.754561201087807831e-03
1.611479676817306056e-03
1.452293801422269159e-03
1.462716412293636054e-03
1.602389907059124929e-03
1.633331237605187281e-03
1.653411145601045573e-03
1.487881543097480108e-03
1.528614716266748358e-03
1.671135712532120787e-03
1.666201275247095048e-03
1.624981502411419060e-03
1.669918333955640322e-03
1.742267855795211207e-03
1.627557717236969431e-03
1.770217934671546034e-03
1.532185368256472335e-03
1.651459506034725494e-03
1.542128093022659269e-03
1.568061843802936312e-03
1.892877243686173078e-03
1.546232461603052472e-03
1.470261935386945468e-03
1.505530936876730425e-03
1.831092155114948106e-03
1.737936881361357849e-03
1.627999932184251430e-03
1.573557309030054752e-03
1.708362735900643969e-03
1.645695084799832925e-03
1.617754238186538962e-03
1.494192595057831224e-03
1.794876792121542775e-03
1.727044289083653344e-03
1.674956770911149168e-03
1.490284157981767998e-03
1.817988116033043833e-03
1.531906623835638942e-03
1.791565344567255108e-03
1.543878667149618800e-03
1.737135948817962461e-03
1.708929082965094520e-03
1.652950336809157206e-03
1.668873427728905651e-03
1.843612109231514140e-03
1.773823865900872598e-03
1.865958373675223603e-03
1.629262725766321418e-03
1.495404903473874364e-03
1.561981185022955770e-03
1.521019279307006533e-03
1.636442491139741828e-03
1.575989627629684198e-03
1.705859494557468437e-03
1.518564407651693676e-03
1.585573537780791964e-03
1.541138969664859748e-03
1.642154033591681356e-03
1.813860698217005518e-03
1.658863477358885063e-03
1.367363939803963729e-03
1.691165800108307415e-03
1.756590715889936455e-03
1.652692144977398886e-03
1.574853761322225071e-03
1.363801734993900366e-03
1.562555891662348317e-03
1.603496487103048262e-03
1.512654381908458412e-03
1.433288445991439536e-03
1.510137950221958347e-03
1.531765652564798241e-03
1.590365335652012962e-03
