8.760075245178047115e-03
6.557593530224149758e-03
5.485850671517696064e-03
4.621882695546048608e-03
4.112497002435044902e-03
3.775430607177915343e-03
3.376501284871689240e-03
3.305937116455565788e-03
3.123254695013420734e-03
2.932576606169152306e-03
2.818805226346178527e-03
2.500168991614253045e-03
2.576619873402435923e-03
2.487176522095235764e-03
2.340194945942657839e-03
2.078356467158929549e-03
2.505119093968291577e-03
2.129737999821041533e-03
2.222976484244833240e-03
2.291880371733844707e-03
2.154999515201674182e-03
2.026499572750851269e-03
1.946971674687734966e-03
2.116790627163672028e-03
1.756456488869288790e-03
1.908906498268445745e-03
1.950780586202096462e-03
1.865653234463433147e-03
1.846062861569498781e-03
1.748848820790918634e-03
1.726961598066359405e-03
1.655914432291513000e-03
1.659579106870038429e-03
1.739667139221152264e-03
1.438483427172364271e-03
1.594391254610954406e-03
1.721330504015010365e-03
1.668572048180810147e-03
1.598947926452029544e-03
1.599739215631827693e-03
1.580677762065916397e-03
1.796914720056726200e-03
1.635582874478219012e-03
1.826717508784936328e-03
1.549680032283170389e-03
1.619088643988565029e-03
1.555243576735212963e-03
1.458954302226755928e-03
1.494999154723664764e-03
1.623350538386386654e-03
1.584143552264122984e-03
1.504786455562543562e-03
1.604964120757404467e-03
1.671723730252896306e-03
1.501397583803090741e-03
1.501264454771507328e-03
1.599737429229419750e-03
1.582541341767721571e-03
1.345121412243969333e-03
1.476578413317209543e-03
1.522990422688535322e-03
1.688650395787329866e-03
1.800727738679022694e-03
1.452635706463947102e-03
1.440103865633896030e-03
1.326450978418949878e-03
1.789579767695628765e-03
1.705849461002040962e-03
1.304368067494468542e-03
1.738374035749556956e-03
1.672963940791152848e-03
1.761245134340980872e-03
1.662424673646932527e-03
1.322121664526956786e-03
1.495412557099711631e-03
1.231780575909401793e-03
1.778824549140019945e-03
1.419799010148149049e-03
1.514184173628523034e-03
1.696282888952384271e-03
1.350477286931463933e-03
1.582264636091193499e-03
1.598687316011541265e-03
1.678798493898382704e-03
1.487891651495751311e-03
1.534622736594628417e-03
1.504181621283098153e-03
1.739392286673857591e-03
1.691603924612834070e-03
1.365644063603940750e-03
1.571368077578710887e-03
1.470462027766471919e-03
1.452862808345160850e-03
1.490879415739668895e-03
1.542111868488994786e-03
1.586010440717988690e-03
1.323335555470917663e-03
1.490784051160549961e-03
1.718543741725885032e-03
1.435458119628273133e-03
1.589010631407709179e-03
1.325549437969343602e-03
1.438148276848377760e-03
1.540349859438770036e-03
1.515310092473100972e-03
1.390776173907495861e-03
1.685603679735029475e-03
1.537662564902557427e-03
1.494818502061453364e-03
1.512190737280354885e-03
1.503523128965907063e-03
1.373650919711821156e-03
1.704325204713669217e-03
1.454589552280820958e-03
1.448113692309314915e-03
1.725760105125588584e-03
1.368610084579988118e-03
1.374146552315703290e-03
1.507313942176354005e-03
1.460692251519152274e-03
1.487849693447503702e-03
1.419051071052244983e-03
1.690213216735368673e-03
1.449820282435815288e-03
1.436318936173502231e-03
1.572767047908228688e-03
1.413820157244630171e-03
1.339624221276279614e-03
1.335444082909007651e-03
1.524799255916226004e-03
1.489522026323665538e-03
1.761273439352430137e-03
1.471163797152622715e-03
1.601666767901525207e-03
1.686563072621969500e-03
1.256987687735994230e-03
1.418589734833372584e-03
1.278196667169641254e-03
1.341216606557709551e-03
1.396337796363167350e-03
1.609887216779699176e-03
1.356478453439571852e-03
1.775808186942635231e-03
1.335486211179515159e-03
1.480365930899948251e-03
1.499943307261539238e-03
1.576049669616341048e-03
1.365833111560004615e-03
1.603206504444839448e-03
1.406632248748842379e-03
1.462597007127700716e-03
1.482197916081166855e-03
1.617500451182904420e-03
1.757741619745095685e-03
1.477806227789337651e-03
1.377456318914196259e-03
1.283465825140987782e-03
1.340118333791700395e-03
1.628705609715602048e-03
1.370982373549739508e-03
1.347959434777720039e-03
1.495787967808383939e-03
1.353839357474947991e-03
1.534788912536111383e-03
1.694588798390309070e-03
1.487423412984061749e-03
1.831412434635290576e-03
1.248665788712712693e-03
1.385524213188851078e-03
1.703752998538931446e-03
1.315679728231836099e-03
1.449378563929119845e-03
1.438938057614590899e-03
1.471156192759899561e-03
1.539787826729387132e-03
1.370230811376469543e-03
1.438465592784266001e-03
1.498097315714048972e-03
1.327443555338956444e-03
1.509119483546969565e-03
1.530762232151046398e-03
1.475018873352568899e-03
1.405714085849385508e-03
1.377136407191326822e-03
1.473016304559711387e-03
1.646903392273777605e-03
1.357335850192421117e-03
1.509944501111686044e-03
1.319691458912079784e-03
1.445300523295549311e-03
1.384567157816041227e-03
1.465456202907867989e-03
1.506110507263385551e-03
1.336827306088961970e-03
1.379603283147810833e-03
1.449558933809075301e-03
1.515607633761736212e-03
1.461537180715302697e-03
1.406324118668277057e-03
1.401756390440767053e-03
1.285929862087834691e-02
1.009167019831451115e-02
7.347514120878577415e-03
6.056332110551350401e-03
4.743871540026332878e-03
3.894787753925845614e-03
3.693030381007322838e-03
3.084705567076257565e-03
2.850784991102667254e-03
2.862927478302551565e-03
2.843834554777369822e-03
2.342940718392569344e-03
2.251218602779034295e-03
2.469141533982987385e-03
2.479785262514914296e-03
2.203783549395398056e-03
2.160928629393508993e-03
2.078663047816398102e-03
2.052370015724273855e-03
1.935051180868053305e-03
2.034834177552419937e-03
2.064384642821080057e-03
2.296462115326886044e-03
1.907058141841864313e-03
1.719804728079435407e-03
1.802115995546360594e-03
1.940164072256760769e-03
2.086547725390405089e-03
1.887320739597860009e-03
2.001998228299356475e-03
1.841784499683165460e-03
1.968431505423817035e-03
1.818540240181461959e-03
1.765823992820738514e-03
1.751911794760634133e-03
1.536722575248533618e-03
1.962002252153486476e-03
1.640919913769207233e-03
1.877944562952902491e-03
1.795369142536466789e-03
1.869523708202654178e-03
1.853621374894826729e-03
2.150056741457396364e-03
1.577455312814505378e-03
1.701681608666533868e-03
1.837953398064490901e-03
1.743847449253179555e-03
1.739732510349180361e-03
1.812929537632325394e-03
1.862412200990856692e-03
1.604408159035588394e-03
1.585680088211749439e-03
1.673100464747334648e-03
1.529309791257642270e-03
1.605499307431073469e-03
1.524350645444799007e-03
1.591020271062938002e-03
1.821970765118668956e-03
1.640774992937445165e-03
1.858330890453514794e-03
1.785420011298752968e-03
1.776333643470146689e-03
1.650598733681563068e-03
1.592836456059700673e-03
1.669808349699628686e-03
1.577844122655429338e-03
1.664982866551673046e-03
1.593857089722365561e-03
1.738769533649625609e-03
1.430274551668976601e-03
1.826474972083283466e-03
1.831732800579945197e-03
1.633855128303843274e-03
1.712784602518478000e-03
1.485949607367410136e-03
1.609551510075753200e-03
1.619758641763474616e-03
1.560188355410170591e-03
1.623902447968842561e-03
1.811616903467996864e-03
1.647577161804237439e-03
1.655403736516781327e-03
1.745166362403353238e-03
1.663007669646006381e-03
1.565328223694328197e-03
1.753070091250211182e-03
1.603406805282803910e-03
1.720664016849820371e-03
1.569881862121352140e-03
1.639650940607039614e-03
1.659385847953016163e-03
1.675367421942203922e-03
1.399585754175883268e-03
1.700721546439371706e-03
1.431277000848274472e-03
1.541384956476290341e-03
1.665492707876806838e-03
1.544909261275550366e-03
1.604369896799753836e-03
1.641622170040345219e-03
1.757159162989994222e-03
1.438891172287529163e-03
1.691437431063230745e-03
1.467747717318217127e-03
1.507145270567417095e-03
1.559392262441075538e-03
1.575152207509637747e-03
1.803500337813561394e-03
1.583153438375659028e-03
1.612736440804639348e-03
1.525639611591394357e-03
1.580781872272032235e-03
1.903456954283917063e-03
1.664364950414592287e-03
1.790971285196840679e-03
1.733971780838783339e-03
1.653759703914178120e-03
1.775175706797950392e-03
1.433149221095830761e-03
1.824088172121769713e-03
1.779813699294221369e-03
1.591064167040728144e-03
1.681766248224674659e-03
1.627317085013901821e-03
1.740175508615778022e-03
1.554486203988434539e-03
1.601448914158629111e-03
1.614685826734803265e-03
1.605886683566735279e-03
1.442940935856926871e-03
1.753415825005946727e-03
1.756087298560655291e-03
1.674142118623399289e-03
1.404188674415697557e-03
1.493453336547365118e-03
1.811416475603642995e-03
1.706306909332169774e-03
1.655724342456327963e-03
1.667442716550567028e-03
1.748992155048364333e-03
1.776745034410547042e-03
1.399118887413449558e-03
1.652996970341973765e-03
1.692709155492730377e-03
1.765530044157567757e-03
1.570266707474468615e-03
1.425444966918480716e-03
1.598643227677352951e-03
1.406147929170944999e-03
1.639717397011422606e-03
1.610942728452746664e-03
1.674779276526601468e-03
1.669850111390088626e-03
1.735612745893063552e-03
1.599115460826978918e-03
1.718100059475514974e-03
1.626968475718595930e-03
1.562243684636505092e-03
1.658589683744573356e-03
1.544616100830495387e-03
1.557623741664463518e-03
1.471367965304521547e-03
1.579705806874609486e-03
1.512953189403469512e-03
1.489177699804871552e-03
1.805249113796779381e-03
1.713582113310949118e-03
1.464810283101393440e-03
1.463180971839055100e-03
1.680201157783195454e-03
1.527442180144777950e-03
1.580982296799548353e-03
1.913761091747422094e-03
1.553230259971422056e-03
1.625287539283697125e-03
1.707544371943703343e-03
1.585234068113932498e-03
1.538222193098372909e-03
1.595616615663101451e-03
1.652299976349708849e-03
1.583246450385378257e-03
1.731585385194141236e-03
1.422166215642391845e-03
1.697478485562009531e-03
1.732724461249592063e-03
1.508550690564242069e-03
1.648029933118223822e-03
1.547945681679971375e-03
1.710108840572519689e-03
1.281692038986276955e-03
1.511682488034644251e-03
1.505652958258680424e-03
1.714551692869249744e-03
1.679086650874454800e-03
1.867088462184564313e-03
1.655474211378966942e-03
1.582561667005231987e-03
1.649741234543210949e-03
1.547196852908723497e-03
1.649591969603507458e-03
