8.760075245178047115e-03
6.557593530224149758e-03
5.485850671517696064e-03
4.621882695546048608e-03
4.112497002435044902e-03
3.775430607177915343e-03
3.376501284871689240e-03
3.305937116455565788e-03
3.123254695013420734e-03
2.932576606169152306e-03
2.818805226346178527e-03
2.500168991614253045e-03
2.576619873402435923e-03
2.487176522095235764e-03
2.340194945942657839e-03
2.078356467158929549e-03
2.505119093968291577e-03
2.129737999821041533e-03
2.222976484244833240e-03
2.291880371733844707e-03
2.154999515201674182e-03
2.026499572750851269e-03
1.946971674687734966e-03
2.116790627163672028e-03
1.756456488869288790e-03
1.908906498268445745e-03
1.950780586202096462e-03
1.865653234463433147e-03
1.846062861569498781e-03
1.748848820790918634e-03
1.726961598066359405e-03
1.655914432291513000e-03
1.659579106870038429e-03
1.739667139221152264e-03
1.438483427172364271e-03
1.594391254610954406e-03
1.721330504015010365e-03
1.668572048180810147e-03
1.598947926452029544e-03
1.599739215631827693e-03
1.580677762065916397e-03
1.796914720056726200e-03
1.635582874478219012e-03
1.826717508784936328e-03
1.549680032283170389e-03
1.619088643988565029e-03
1.555243576735212963e-03
1.458954302226755928e-03
1.494999154723664764e-03
1.623350538386386654e-03
1.584143552264122984e-03
1.504786455562543562e-03
1.604964120757404467e-03
1.671723730252896306e-03
1.501397583803090741e-03
1.501264454771507328e-03
1.599737429229419750e-03
1.582541341767721571e-03
1.345121412243969333e-03
1.476578413317209543e-03
1.522990422688535322e-03
1.688650395787329866e-03
1.800727738679022694e-03
1.452635706463947102e-03
1.440103865633896030e-03
1.326450978418949878e-03
1.789579767695628765e-03
1.705849461002040962e-03
1.304368067494468542e-03
1.738374035749556956e-03
1.672963940791152848e-03
1.761245134340980872e-03
1.662424673646932527e-03
1.322121664526956786e-03
1.495412557099711631e-03
1.231780575909401793e-03
1.778824549140019945e-03
1.419799010148149049e-03
1.514184173628523034e-03
1.696282888952384271e-03
1.350477286931463933e-03
1.582264636091193499e-03
1.598687316011541265e-03
1.678798493898382704e-03
1.487891651495751311e-03
1.534622736594628417e-03
1.504181621283098153e-03
1.739392286673857591e-03
1.691603924612834070e-03
1.365644063603940750e-03
1.571368077578710887e-03
1.470462027766471919e-03
1.452862808345160850e-03
1.490879415739668895e-03
1.542111868488994786e-03
1.586010440717988690e-03
1.323335555470917663e-03
1.490784051160549961e-03
1.718543741725885032e-03
1.435458119628273133e-03
1.589010631407709179e-03
1.325549437969343602e-03
1.438148276848377760e-03
1.540349859438770036e-03
1.515310092473100972e-03
1.390776173907495861e-03
1.685603679735029475e-03
1.537662564902557427e-03
1.494818502061453364e-03
1.512190737280354885e-03
1.503523128965907063e-03
1.373650919711821156e-03
1.704325204713669217e-03
1.454589552280820958e-03
1.448113692309314915e-03
1.725760105125588584e-03
1.368610084579988118e-03
1.374146552315703290e-03
1.507313942176354005e-03
1.460692251519152274e-03
1.487849693447503702e-03
1.419051071052244983e-03
1.690213216735368673e-03
1.449820282435815288e-03
1.436318936173502231e-03
1.572767047908228688e-03
1.413820157244630171e-03
1.339624221276279614e-03
1.335444082909007651e-03
1.524799255916226004e-03
1.489522026323665538e-03
1.761273439352430137e-03
1.471163797152622715e-03
1.601666767901525207e-03
1.686563072621969500e-03
1.256987687735994230e-03
1.418589734833372584e-03
1.278196667169641254e-03
1.341216606557709551e-03
1.396337796363167350e-03
1.609887216779699176e-03
1.356478453439571852e-03
1.775808186942635231e-03
1.335486211179515159e-03
1.480365930899948251e-03
1.499943307261539238e-03
1.576049669616341048e-03
1.365833111560004615e-03
1.603206504444839448e-03
1.406632248748842379e-03
1.462597007127700716e-03
1.482197916081166855e-03
1.617500451182904420e-03
1.757741619745095685e-03
1.477806227789337651e-03
1.377456318914196259e-03
1.283465825140987782e-03
1.340118333791700395e-03
1.628705609715602048e-03
1.370982373549739508e-03
1.347959434777720039e-03
1.495787967808383939e-03
1.353839357474947991e-03
1.534788912536111383e-03
1.694588798390309070e-03
1.487423412984061749e-03
1.831412434635290576e-03
1.248665788712712693e-03
1.385524213188851078e-03
1.703752998538931446e-03
1.315679728231836099e-03
1.449378563929119845e-03
1.438938057614590899e-03
1.471156192759899561e-03
1.539787826729387132e-03
1.370230811376469543e-03
1.438465592784266001e-03
1.498097315714048972e-03
1.327443555338956444e-03
1.509119483546969565e-03
1.530762232151046398e-03
1.475018873352568899e-03
1.405714085849385508e-03
1.377136407191326822e-03
1.473016304559711387e-03
1.646903392273777605e-03
1.357335850192421117e-03
1.509944501111686044e-03
1.319691458912079784e-03
1.445300523295549311e-03
1.384567157816041227e-03
1.465456202907867989e-03
1.506110507263385551e-03
1.336827306088961970e-03
1.379603283147810833e-03
1.449558933809075301e-03
1.515607633761736212e-03
1.461537180715302697e-03
1.406324118668277057e-03
1.401756390440767053e-03
