1.213721757741974272e-02
9.280330763342933831e-03
7.574955108324545050e-03
6.565347628702644656e-03
6.235286471375826867e-03
5.404420769201855046e-03
4.983825516485240747e-03
4.837967538301825299e-03
4.118911668876248933e-03
3.901714364402432411e-03
4.329237126188066609e-03
3.407546392731556489e-03
3.444905433080965029e-03
3.321634653997242170e-03
3.157363440536881116e-03
2.631094053279658951e-03
2.818768572843396991e-03
2.637028906027738540e-03
2.374757302845781348e-03
2.201742364658691720e-03
2.419062317492400027e-03
1.791279503300116649e-03
1.662396253417214309e-03
1.585867941694525662e-03
1.472418202612173210e-03
1.731023618722536683e-03
1.630276210796199887e-03
1.206228460249078593e-03
1.388122539960047475e-03
1.248562256688449945e-03
1.153685114712053872e-03
9.223266526297221879e-04
9.360022984824800663e-04
8.600213853720770074e-04
8.376919571826055289e-04
8.753270616826125394e-04
7.853001916841989560e-04
1.021165230891296627e-03
7.658149000017780428e-04
7.675259175361701103e-04
7.015022494142250653e-04
7.938437023978714424e-04
6.026069253782170843e-04
6.540980685454875210e-04
6.012826977459598266e-04
6.060229385614762654e-04
5.607080505226902378e-04
4.740414349751267964e-04
5.174389904225792924e-04
4.998814159741585272e-04
4.430771389262108673e-04
4.855129303216743075e-04
5.367125668230068869e-04
3.490091035102740880e-04
4.286819029598459840e-04
6.044651192441963250e-04
5.019480448769236824e-04
4.512206156601500373e-04
3.286571570247573404e-04
4.635488418919253562e-04
4.206675028256279258e-04
3.253075580171294057e-04
3.795601417502653119e-04
4.082761394678738331e-04
4.118935333219456152e-04
5.075540213874615847e-04
3.499410849111400656e-04
2.974734935399653279e-04
3.105618573571514163e-04
3.553921902232706764e-04
4.016370289970649932e-04
4.264625222762524759e-04
3.582906343220920720e-04
3.441760659195838845e-04
4.359330269276262548e-04
3.375406295668195722e-04
4.316803991767578785e-04
2.775875896498178341e-04
3.946892574759122696e-04
3.472768855616661932e-04
2.571015787696181998e-04
3.637029045451337095e-04
3.608701015085438724e-04
3.865639688397370932e-04
3.131287740242294504e-04
2.933179274862141028e-04
2.290895674054091447e-04
2.555325675481778802e-04
5.727929583935684188e-04
3.150775510727538142e-04
4.788268803636516746e-04
2.271859316795507566e-04
3.274476560915298706e-04
3.205429888552754902e-04
3.343200735000106949e-04
2.762670961135443859e-04
3.281372686574843267e-04
1.925597896179145896e-04
3.284684318183295204e-04
3.010164059307623985e-04
3.221393807238959184e-04
2.711565813106123213e-04
2.158039467972383552e-04
3.377688115119084622e-04
2.723513496652452126e-04
4.745390566856175218e-04
3.384250340671968171e-04
3.023636967574849788e-04
2.927719375372811461e-04
2.823767717527389531e-04
3.036114659119154569e-04
2.171383179276273334e-04
2.923247479226925849e-04
2.844696719943445862e-04
3.710012537777515607e-04
2.583323544038257369e-04
2.427248105098950282e-04
3.386977205368860155e-04
2.967142380643841837e-04
3.069610726144852975e-04
3.767115817019106583e-04
3.134087352638925683e-04
2.455002392871968864e-04
2.382248159450914282e-04
2.990220415159394740e-04
2.876248497108851998e-04
3.123992092928240538e-04
2.413098710157199345e-04
3.547655741982028155e-04
3.071387428329047653e-04
3.987966762460243286e-04
2.738524833489075494e-04
2.966285999683251906e-04
3.021544931908759501e-04
4.187615609818479134e-04
3.138215565081162173e-04
3.239363521057789241e-04
2.258328708676510255e-04
3.214449626692469919e-04
3.294487710133395253e-04
1.907997375821257613e-04
2.835414878918710024e-04
3.659641708720767772e-04
2.129166090939632605e-04
2.054066940555474008e-04
3.348464389779856609e-04
2.319973898835536730e-04
3.189006155143100929e-04
3.035406043309790691e-04
2.153139174532470168e-04
1.743031669917544102e-04
2.193959467195125135e-04
2.920918643542005921e-04
2.377937401883620239e-04
2.481249053603237775e-04
3.010383579350392469e-04
4.313674620093355117e-04
2.734789421026187495e-04
2.960907394197187514e-04
3.177293068742925719e-04
2.966334857531088831e-04
2.569564376027066999e-04
3.538514834957456889e-04
3.196366212698045772e-04
3.233595641117317787e-04
3.368878298124072801e-04
3.202676148169047998e-04
2.157307798271515531e-04
3.501097270287995000e-04
4.529466979705104590e-04
2.877455967751629817e-04
3.078649808324479542e-04
2.728734101875365803e-04
2.863190981362215282e-04
3.393581412517165941e-04
2.821690750300920314e-04
4.163874235207920549e-04
2.111124227385657859e-04
2.929804144631217855e-04
3.599094791592247211e-04
2.614985022141302906e-04
2.903727304422037969e-04
2.093054617874970380e-04
3.750612264435820853e-04
2.059817777795985849e-04
2.986304012473073310e-04
2.135729791283638712e-04
2.467169584524711579e-04
3.874917082056367201e-04
1.852933082350585736e-04
3.694089657947305372e-04
2.998083820206567940e-04
3.234194752697108766e-04
2.802650244198151563e-04
3.260412987934266371e-04
3.486055878558630416e-04
2.346413002929648162e-04
4.446384634488598220e-04
3.249487440266582428e-04
2.963749449816227566e-04
1.383470764547001935e-02
1.105360635426082955e-02
6.438766401972918774e-03
4.942444191170340673e-03
3.672083061934110215e-03
3.223984149397424170e-03
3.886487532251056698e-03
3.055904659297836723e-03
2.800570457442259908e-03
2.673025004414353312e-03
2.491660732178449522e-03
1.801352895358453166e-03
1.904015634336717055e-03
1.641228069984512761e-03
1.750184760731625377e-03
1.599665453256307601e-03
1.293350659576787687e-03
1.093252009672501801e-03
1.137154672492431129e-03
1.291588490581571658e-03
1.294079051309668382e-03
9.061555644696850376e-04
1.184555946735332821e-03
1.002928163578387100e-03
8.395899408333920566e-04
8.183505637954294198e-04
7.670236138104316592e-04
8.000709707736558540e-04
7.979548474807002245e-04
7.131785875240867489e-04
5.033725250776846516e-04
7.385023015690911352e-04
5.220788109216931150e-04
5.218451978820093373e-04
6.327581522512018553e-04
5.188344982258313864e-04
5.628706932911328731e-04
3.595024201590996116e-04
4.814501719611688491e-04
4.493792402486193605e-04
4.432288222642258302e-04
4.107366409153226372e-04
4.992027544780744397e-04
4.334808093207492830e-04
4.191085313558703951e-04
4.080401442369402387e-04
3.628108198738891343e-04
3.970994356526369451e-04
2.853490901604111007e-04
3.681552928735468133e-04
3.226413379453091368e-04
4.881938251750997382e-04
2.943305202313881153e-04
3.848104647534364431e-04
3.056951205224617274e-04
2.518629757070345310e-04
3.565589600240184898e-04
3.619823685304113248e-04
3.379914033641504001e-04
3.106642279614157953e-04
3.770141509769134314e-04
3.110120712148320421e-04
3.290738210091001537e-04
3.334591101279427150e-04
2.919334056716085812e-04
3.814656301416238793e-04
2.782749528611808132e-04
3.511591016014808941e-04
4.034797652080271413e-04
3.589858326183414938e-04
3.271135299025146326e-04
3.104117944758288949e-04
2.229809354029610446e-04
4.310582579126198688e-04
3.793311683389435918e-04
4.048985518183695342e-04
3.343095115610345003e-04
3.672553428688274391e-04
2.838550192029373753e-04
2.461622091688500658e-04
2.537538389323357180e-04
3.618771748521987242e-04
3.905488506735013687e-04
2.629938187643857117e-04
2.365889862159659129e-04
2.777284054568396332e-04
2.909104498857034704e-04
2.360462671128771284e-04
3.807886002056976027e-04
2.923363474075235668e-04
3.780187975595122873e-04
2.353244999830084172e-04
3.572902356668364310e-04
2.797269479573802342e-04
3.376432779920307548e-04
3.694083826843858054e-04
3.301371253611878887e-04
2.818603792313217893e-04
3.224168500110119462e-04
2.838985539551502901e-04
2.536036938062397050e-04
3.660537355840293161e-04
3.026293420580472571e-04
3.718541759742122199e-04
2.129391759572926701e-04
2.441980465361023866e-04
2.478258845047195957e-04
2.577824567739986361e-04
2.650121345404363171e-04
2.340418386552745034e-04
2.775448960269308318e-04
2.898931763713960552e-04
3.584474790487568452e-04
2.090056628868616762e-04
3.107448102763546438e-04
2.815409271579860651e-04
3.153060510200852984e-04
2.958899931650160742e-04
2.124354058279515067e-04
4.432742994232574674e-04
3.147436526500235754e-04
2.367979478248641301e-04
2.623467901709392036e-04
2.036191206601922765e-04
2.989911794866531580e-04
3.034993825378681787e-04
2.531680683765316631e-04
3.970482509358871925e-04
3.680174299143801342e-04
2.933611341630129599e-04
2.538288031410096401e-04
2.971488996354951229e-04
2.671361192202043044e-04
3.521483003400271983e-04
2.305237141022598024e-04
3.208308970999440568e-04
2.718868698475818135e-04
2.895409137002036282e-04
2.645794404621121254e-04
2.342425200560493970e-04
2.812604697103177065e-04
2.826422121189331449e-04
2.126033126149881602e-04
2.598612594589475022e-04
2.620991841439448966e-04
2.971063092854081544e-04
3.397307648392716706e-04
3.627234285522237811e-04
2.057086045954906184e-04
2.638226249068315044e-04
3.636485360863639382e-04
3.448126591575825795e-04
2.427430439189137701e-04
3.270208707442240348e-04
3.163807610804536541e-04
2.480503622082283477e-04
3.999180447906564018e-04
3.900903629100171965e-04
3.335634065031525819e-04
3.016142746416206055e-04
3.256789501385193297e-04
2.673393985275565599e-04
1.578483146011458449e-04
3.320560419454443579e-04
2.700188993713659169e-04
2.068105728179336911e-04
3.843980350109049704e-04
3.384958837283694177e-04
4.058221514601917379e-04
3.430464345008932270e-04
4.316405819562926793e-04
3.994979589385244667e-04
3.123397669376262731e-04
2.329925504960250748e-04
2.726454700780270302e-04
2.681513798660356551e-04
2.751896342021373232e-04
2.716155096058880947e-04
3.310158047264213921e-04
2.976499878492300244e-04
2.358719463090713786e-04
3.806205443109972331e-04
2.404327262448407998e-04
2.808298273634241005e-04
3.293766108440343565e-04
3.739831718928762760e-04
2.211089855675071880e-04
2.844117895287739950e-04
2.875257663494043547e-04
2.889457591649172152e-04
2.927868373718417461e-04
2.887985761139411078e-04
2.745960673561503862e-04
2.633084657646667104e-04
3.655554712074307600e-04
3.030721638504971227e-04
2.787598766699136976e-04
3.503166146948122339e-04
2.400694509444925573e-04
3.167642978106136042e-04
1.065521086509420984e-02
7.227348907665159805e-03
6.173009038810475801e-03
4.783152458203002166e-03
4.329679218010341890e-03
3.456581461250829435e-03
2.868386063775721362e-03
3.307878378024688149e-03
2.723118160192300463e-03
2.363313498451008465e-03
2.194968962386030509e-03
1.741527381678084629e-03
1.477737089267447401e-03
1.475734704845667322e-03
1.289944509319504440e-03
1.223552810668139534e-03
1.147084112522650523e-03
8.466434205540440683e-04
8.776351307294635862e-04
6.138353121914810751e-04
6.687199146330688460e-04
4.857842534758960440e-04
5.047952385323281610e-04
5.791904988922749742e-04
4.767308724889993132e-04
4.660535949308763914e-04
3.491459822969264493e-04
3.715251253818829813e-04
4.480894636412630083e-04
2.670811513456744501e-04
3.192480544152512256e-04
3.099814624587873824e-04
2.917079494669239104e-04
2.916948366127741776e-04
3.251055641594682855e-04
2.533176871697823129e-04
3.658203701360843163e-04
4.489433607124601600e-04
3.541008300089812377e-04
2.065385972993133423e-04
3.085618086945338123e-04
3.712458895267917169e-04
3.870936446811606979e-04
3.342956316007700268e-04
2.635412732693784288e-04
3.020562972256279899e-04
3.710014551711049435e-04
2.381777558635722603e-04
2.293491621135346215e-04
3.266784380021175993e-04
4.105674712115078839e-04
3.423097820695192306e-04
3.473295423488953482e-04
3.684889186092513147e-04
2.867831354594688187e-04
2.080940047290077977e-04
2.612920340015964515e-04
3.875700427704228956e-04
2.779548799571249229e-04
3.517909723408096934e-04
2.908215999017013664e-04
2.867892448495251712e-04
2.394520978783593046e-04
3.132318640384559871e-04
2.378522864308826867e-04
2.743026496922207347e-04
3.296288970471433766e-04
3.310633335335058658e-04
3.171443312076430154e-04
3.241639851214450641e-04
2.913156238355044114e-04
3.938033926211212399e-04
2.163200746469612357e-04
2.713090341924587201e-04
3.764738414063981131e-04
2.349087822949222359e-04
4.575047424864031598e-04
2.950904969067219552e-04
4.539035273480596100e-04
3.136266150918498585e-04
2.713935303257641873e-04
2.515505329468425977e-04
3.192901606562936756e-04
3.355935068709917091e-04
2.186162272306488297e-04
2.695810711160900874e-04
2.026703550134928422e-04
3.498711287545780424e-04
4.334557397167246307e-04
2.715983937951541027e-04
2.330709363782962340e-04
2.648399340699977844e-04
2.592626560051977669e-04
3.961898825539586499e-04
3.213347243885347759e-04
3.204031740785956428e-04
3.158680666320370922e-04
3.321552831993188071e-04
2.990100969431017108e-04
2.714311755902670820e-04
2.455578878528333342e-04
2.951054725908591747e-04
3.738592317888075889e-04
2.417508171157697894e-04
2.649294013384664859e-04
2.200858083905993245e-04
2.754711344137988904e-04
3.061537624416757475e-04
4.212628994044870234e-04
3.613625148707472201e-04
3.001517033637060572e-04
2.377709861195453911e-04
2.514279113099357477e-04
1.874007210956318836e-04
3.236468356941080149e-04
2.791992632249495898e-04
3.528063188077898427e-04
2.728784807815576308e-04
2.770585557477084349e-04
2.885752058434942757e-04
2.462683934521259221e-04
2.707129831582555379e-04
2.487572564680018417e-04
1.886175284230920401e-04
2.571434556608992450e-04
2.624039825721569130e-04
2.737145842768226589e-04
2.758716798091087608e-04
3.246431633026070074e-04
3.349982624944874976e-04
3.317569698184918980e-04
2.444318561717617744e-04
3.173885729394892996e-04
2.637038467826480215e-04
3.149546003595390942e-04
2.521927436034410164e-04
2.621954360197062406e-04
3.335957625028793117e-04
4.076546973846642552e-04
2.385656481201717249e-04
3.231221687781740681e-04
2.545410973958106560e-04
2.770694304257068086e-04
3.196276719520038667e-04
2.738238630893632952e-04
3.136303851369523499e-04
3.617653259393727172e-04
3.081452973654683070e-04
3.133044479729299447e-04
3.812680874249047003e-04
2.801736654690079042e-04
3.228724689359335764e-04
3.883753647067333947e-04
3.151524175750083923e-04
2.538958741630653604e-04
2.486249910058496715e-04
2.409380057198512448e-04
4.815096975595845041e-04
3.693289555168899341e-04
2.712517218468740721e-04
4.127688392134079565e-04
3.247786998005555703e-04
3.834893736597289049e-04
2.268321853956603573e-04
2.645569140333620117e-04
2.755548824332279545e-04
2.098178730591260255e-04
3.052174219528858146e-04
3.318357526291768056e-04
3.308686101221799958e-04
4.336562356178699784e-04
2.813995216541659294e-04
2.547465090122769116e-04
3.176263170737783637e-04
3.198893257948323687e-04
2.890657598245624516e-04
1.955078875942872774e-04
3.944333453479720308e-04
2.659528327340343612e-04
3.847043085961829312e-04
2.548718005661310126e-04
3.068956057011157368e-04
4.512546076918116933e-04
3.064320189578029208e-04
2.480058765436457535e-04
2.827010458151674177e-04
3.554072202382949075e-04
2.631228370284233176e-04
2.802467235716588068e-04
3.184554256270011319e-04
3.785108717949473012e-04
3.181770929022928462e-04
2.398761353062800472e-04
2.604100863051600490e-04
4.362758429023103068e-04
3.071692362460604064e-04
3.286581330427945646e-04
2.622215237509592511e-04
2.504176130758567487e-04
2.255075592208916069e-04
1.338430018270603261e-02
9.264138593247161352e-03
7.488644282624152410e-03
6.313070053275679494e-03
5.574066347059231097e-03
4.843238866020727063e-03
4.534267610234343771e-03
4.878805283079865052e-03
4.122897573580849850e-03
4.285032571894817344e-03
3.340730289478351100e-03
3.051412656697422010e-03
3.015697280545945325e-03
2.685712917812541067e-03
2.905531057581116350e-03
2.317819198038806316e-03
2.414140494043218177e-03
2.173743156072972804e-03
1.845561897984342170e-03
1.633847694080751978e-03
1.752600062332229647e-03
1.517730150343496454e-03
1.474167826426522887e-03
1.462708210808918996e-03
1.244716128091086227e-03
1.149353573399652939e-03
1.065802420251664440e-03
9.584449269555914142e-04
1.055089761752753263e-03
8.314931161405164639e-04
6.532532395668796954e-04
6.510998609009222005e-04
5.798885113323104523e-04
5.142187706715928286e-04
5.683339994232705639e-04
5.869859563786619661e-04
6.825134162765367218e-04
4.645924524491751306e-04
7.062847970379371176e-04
4.485925405506227537e-04
6.289709917160143937e-04
5.343511488149904620e-04
4.748114498195066258e-04
5.117235784438609048e-04
4.445222564451734026e-04
3.827383650029658746e-04
5.280008631513080641e-04
4.692328233926457148e-04
4.332588041696810999e-04
3.162931500300669718e-04
3.526706775515836556e-04
3.515654863786160655e-04
4.228943961492176440e-04
4.974991415301957542e-04
3.732614919672999632e-04
3.420608587359555419e-04
4.116073766121525201e-04
3.118612245199894883e-04
3.155668625290514173e-04
3.149945596284398075e-04
3.119197033095710836e-04
4.662808298346310387e-04
3.095990027706593817e-04
2.323818840933786212e-04
3.036276419440958607e-04
3.449448034560653742e-04
3.095052940343193115e-04
2.914388447766494417e-04
3.618467130014069166e-04
2.214626997512347817e-04
3.956536313369229951e-04
3.615854792272249485e-04
3.652155795892883527e-04
2.666137208537922021e-04
3.428467875575269552e-04
2.403452824421836720e-04
3.957539199475751390e-04
3.389228654156750675e-04
3.593168843842239890e-04
3.066047263615076512e-04
3.192283206435928000e-04
2.814749898069485168e-04
3.771086059976558325e-04
3.173215621817340737e-04
3.413453596818605273e-04
5.026213315109870350e-04
2.802234111860188448e-04
3.019543248482248199e-04
3.731585861367417434e-04
2.429948138438289829e-04
3.911348882899359780e-04
3.418317155273395413e-04
2.069813991875668613e-04
4.226323827417124979e-04
4.041590236870742925e-04
2.534788642253871238e-04
3.039565356363072013e-04
2.540816762919145821e-04
3.016407672760124115e-04
3.447773289447716993e-04
2.944256843035800153e-04
2.347929931526757108e-04
2.562586953033657577e-04
3.259068970085238215e-04
2.689785910524877810e-04
3.148119749640659881e-04
3.846967592205582931e-04
2.836205783903547606e-04
2.437489462084191372e-04
3.199480216164729551e-04
4.247094049202176924e-04
2.844522562939627575e-04
3.070669733374956079e-04
2.227355569243208433e-04
2.105427708707433010e-04
2.666107612989757070e-04
2.651591220798540927e-04
2.839732901477737270e-04
3.051820129538057591e-04
3.979615570172331807e-04
3.815457877767020056e-04
1.937970993208526505e-04
2.501215203029455436e-04
3.168406375623628035e-04
2.502814328327676585e-04
2.522543344582531266e-04
3.242924797413476723e-04
2.624680879682872447e-04
2.566120473800823087e-04
2.951551171433766663e-04
2.894255979043330873e-04
2.811230690690988410e-04
2.893997764109521031e-04
2.925546673167786493e-04
3.092775621085508408e-04
2.997081557632105819e-04
2.778051868954009573e-04
2.837008501514401426e-04
3.683768766885864299e-04
3.022358801534966166e-04
3.492227248961463082e-04
2.410849718566601685e-04
3.521363321635911925e-04
3.548510444588565127e-04
2.994685552828654784e-04
3.388405954853623836e-04
3.333587072656685191e-04
3.451040825884627017e-04
4.274800087109009716e-04
4.109176767183864154e-04
3.233087728107056358e-04
3.151440835221508419e-04
2.955026279120101518e-04
4.435176272297031153e-04
2.100050960211138906e-04
1.885259752286774781e-04
2.440554543098744089e-04
3.140292827848376045e-04
3.109896355793576039e-04
3.335803409675389131e-04
4.443287528109532425e-04
3.286427231724772802e-04
2.291581901778666497e-04
3.039917980165382505e-04
2.314557607626041569e-04
2.963132620371899950e-04
3.290867272842737390e-04
2.721329143927572747e-04
2.478123644323523833e-04
3.097524753083447102e-04
3.281461533070142988e-04
3.378885716584650867e-04
2.138367130579896247e-04
3.043963343287992007e-04
3.036890789878954333e-04
2.903095343095504766e-04
2.750095066198221527e-04
2.606088798487102287e-04
3.614844596084507145e-04
3.069424992589026013e-04
3.666097648650432084e-04
3.422237511417208777e-04
2.552723688235489230e-04
2.886745195008061371e-04
3.250855430540974811e-04
2.717718072419439412e-04
2.298318855575715025e-04
2.926171552849049506e-04
3.376595240089860783e-04
2.265723766422880758e-04
3.165310136665211438e-04
3.431724199766256200e-04
3.607798082411184382e-04
2.873397899180382686e-04
3.449297429524225689e-04
3.801527714598768037e-04
2.568253569097539435e-04
2.359740432753554273e-04
2.720815853715641275e-04
2.939208829907391518e-04
9.191754918290724607e-03
7.396928643378736234e-03
6.800492430067417438e-03
5.277665277375824526e-03
4.403797724878706632e-03
4.474863201466873497e-03
3.999966059314345734e-03
4.149569959771635952e-03
3.619759274005943106e-03
3.270546323233196329e-03
3.207618682081768424e-03
2.994141897490594506e-03
2.567301745527314494e-03
2.430494079583969680e-03
1.911379188022761799e-03
1.834349664322151852e-03
1.518499273985854381e-03
1.573324532488346028e-03
1.377887380599761291e-03
1.090118457301565702e-03
9.407635161421054604e-04
8.181717651533360058e-04
8.712366557036138603e-04
6.550448333878244878e-04
6.557659554819392222e-04
6.021256134681671202e-04
3.792122978545572898e-04
3.418004016008530099e-04
4.596778988057853566e-04
3.309376878755446172e-04
3.992127862347191747e-04
3.234757448634523191e-04
3.692694316766442775e-04
3.718957200888120540e-04
4.322693383691927904e-04
4.022538170331754759e-04
3.047456046091634452e-04
3.177197954871979757e-04
3.058327476100630715e-04
4.068141418359302874e-04
4.624187894092315898e-04
3.039427151084808654e-04
3.085574422593412303e-04
2.677991846357710704e-04
2.747536556332030866e-04
3.254189717489322509e-04
2.526683769518076050e-04
3.649149330916326428e-04
2.361437822453460456e-04
2.552259273975662768e-04
3.437853393629189402e-04
2.875631168082412592e-04
4.406071125191285409e-04
2.334627275072595487e-04
4.264328084599422475e-04
2.713635038350051265e-04
2.624462764346316423e-04
2.294349789117716698e-04
3.509335938248828168e-04
4.734832437683772488e-04
3.134329115617381922e-04
2.852212662517103481e-04
2.754854805765219461e-04
3.834675618141977771e-04
2.763028592498995017e-04
2.855098108661344170e-04
4.013511663861213385e-04
3.106452720651048383e-04
3.113349040889459851e-04
5.273954927827798067e-04
3.236460667159213322e-04
3.434586106657866456e-04
4.358313649668668632e-04
2.704325806994964387e-04
3.191872260508502035e-04
2.821656170203384884e-04
2.012570190364423861e-04
3.520955036285869366e-04
3.209036686313282427e-04
3.105787920823638304e-04
2.977802956684455493e-04
2.654016500639594378e-04
2.319665277828383831e-04
3.579362820805148671e-04
2.269019637348504426e-04
2.753720581008742285e-04
3.114983162919929272e-04
2.142014985049983666e-04
2.717580481606460263e-04
2.488835306038647555e-04
3.478570060914953910e-04
2.359271845096752585e-04
3.705354662548385192e-04
4.384108833683023065e-04
3.557939860855813263e-04
3.349177406609463170e-04
3.184357226309122990e-04
2.440062299150433378e-04
3.666760797721504983e-04
3.103666446782060717e-04
2.802926175156372768e-04
2.206629353067798838e-04
2.242930840986034902e-04
2.611601807123789531e-04
2.921320505725188976e-04
3.453834516799828003e-04
2.765559926593830209e-04
2.795335853373465129e-04
3.745320852347674978e-04
3.460414535774794520e-04
2.615758659314862400e-04
2.860158885924363181e-04
2.344561089023047828e-04
2.821377750026193842e-04
3.643700438201100122e-04
1.917810700055311290e-04
3.354944129007192410e-04
2.351557747541782595e-04
3.191143723295791768e-04
2.873118229173021732e-04
2.884049043657757605e-04
2.986327996512688765e-04
2.983457809423023521e-04
4.093811958610291124e-04
3.864272975517973885e-04
2.802736848400572134e-04
2.799148281200994348e-04
4.214708736031136382e-04
1.983143153620539612e-04
3.029449507017389909e-04
2.896533015270194578e-04
2.039531165818203595e-04
3.388926841991352079e-04
3.043536867552640302e-04
2.605370440827911582e-04
2.621805644623664833e-04
3.054652371747915152e-04
2.861806209775510923e-04
3.093585062069678648e-04
2.805324633354741581e-04
3.033614074221674395e-04
2.975410287669108533e-04
2.464959535952437886e-04
2.730336512299647023e-04
4.331120666858784274e-04
2.891438902885637430e-04
2.858156708341400010e-04
2.349613201822753350e-04
3.617189232767298313e-04
3.750566023114493275e-04
3.886504547342198301e-04
2.335367963533091507e-04
3.920114505051933151e-04
3.336579116331936379e-04
2.691279229036225296e-04
3.504956446176363261e-04
2.767869236158168600e-04
3.662869759082088006e-04
2.905548560735299324e-04
3.303029206680740959e-04
3.194769735883479234e-04
2.880617420870645873e-04
2.822138382704078574e-04
1.777549009487414122e-04
2.748724677147304507e-04
2.756241765138264799e-04
2.842538287992357748e-04
2.328811713209963385e-04
2.410843561305234251e-04
2.196153876539222449e-04
3.361430018201452818e-04
2.824410437702040699e-04
4.083611407815490590e-04
3.560068229457452604e-04
2.999017503399481477e-04
2.168742336428955420e-04
2.377708735163130971e-04
3.544650999052420537e-04
2.362005664939270666e-04
2.817902790034076954e-04
4.357289934571045853e-04
3.738934055851003690e-04
2.745220308019713507e-04
2.581212646780434161e-04
3.698654395566033926e-04
3.348332301512241260e-04
1.753456715480328221e-04
3.459717675565188166e-04
2.664366577854598850e-04
2.648648307328263507e-04
2.657326081419164598e-04
3.443573654600129430e-04
4.297649934580788367e-04
2.101148742458397445e-04
2.403639072926719300e-04
3.444161448742585896e-04
2.822249112943570060e-04
1.880395710816065713e-04
2.263794777064287445e-04
3.473657118503239993e-04
1.067496520513894209e-02
7.238365828776092969e-03
5.838364368488530021e-03
2.951370385513352179e-03
2.451904048062808483e-03
2.047658457453520320e-03
1.527443543015420679e-03
1.457664631547755940e-03
1.404638445068995267e-03
1.077621064188905020e-03
1.032153262078394640e-03
8.937849667554342847e-04
8.409274803468508308e-04
7.680729186164067523e-04
6.728045974165805521e-04
5.665033207587766295e-04
6.088685008005245702e-04
4.142532779970176104e-04
5.318586848153047941e-04
4.318418068447321678e-04
4.480306125302507825e-04
4.600063798494077871e-04
5.967447917907264809e-04
5.824829464351685693e-04
3.490095169178947243e-04
3.753743193064193462e-04
4.282151391082622549e-04
3.289619426277978764e-04
4.079846308487761197e-04
3.262813412871490293e-04
2.637299742513782297e-04
4.618906529096772351e-04
2.896476973967068713e-04
3.949301961563081442e-04
2.848182875334892561e-04
4.464960365478456983e-04
2.872560425904169268e-04
4.275164101505204983e-04
3.684054769930028561e-04
4.577181402510982489e-04
4.337251490244900531e-04
3.097288131856598681e-04
4.010126259928747938e-04
2.973059037171613128e-04
2.571225733976889583e-04
2.977630320004295839e-04
3.375576385775402866e-04
3.016634207592960859e-04
4.002945330797771928e-04
4.224348697340549186e-04
3.699749168238203323e-04
2.996192589579463328e-04
2.232443559506205877e-04
2.665402711818781745e-04
2.011191877112350479e-04
3.703315221811193103e-04
3.399568845174200105e-04
2.182252107787441275e-04
2.505264039379812013e-04
2.095408445938196085e-04
2.437833048872378727e-04
3.204112515188470289e-04
2.418122263719360565e-04
2.604070529549570856e-04
2.576140246300998027e-04
3.231187353974901422e-04
3.408471012951302948e-04
3.352567751588042544e-04
2.905554483340483385e-04
3.858879438725232314e-04
3.103749082105783375e-04
2.547669454595266614e-04
3.088859382343253634e-04
3.479455036174139426e-04
3.196588650011961130e-04
2.656012395689036354e-04
2.418227696442953878e-04
3.015414087976578394e-04
3.248672236991073659e-04
2.920017972458457955e-04
3.252656744728091298e-04
2.379996708787163184e-04
2.514525739889250655e-04
2.386609768074143823e-04
3.532416174447175483e-04
2.848353507883538693e-04
3.772264181996637378e-04
2.716229908277731364e-04
2.650495263252714007e-04
3.095641335668503080e-04
2.816542805227709168e-04
3.459001771093789257e-04
3.240652594642609574e-04
3.607609090733737700e-04
4.922841941741445959e-04
3.681959180937416365e-04
3.450686790031146089e-04
2.808525970666164717e-04
3.110560322111960430e-04
3.068975280436231357e-04
2.351007157773907230e-04
3.362265194800095891e-04
2.410593178247683044e-04
3.310051712356945619e-04
3.322647934559663785e-04
3.509773303823002233e-04
4.016405462612740451e-04
2.980252991187232192e-04
2.769210649915115896e-04
4.051967024110356141e-04
2.404443713722032028e-04
2.147909386875854199e-04
3.010568793569978752e-04
3.614703647944125797e-04
2.732174270477713551e-04
2.988977208651655282e-04
2.635251582321918029e-04
2.991701203118798946e-04
2.624292629035268609e-04
3.031976050292053970e-04
2.817758101116146774e-04
3.142260203367538973e-04
2.742031616077347800e-04
2.726317018322405028e-04
3.549074867960147484e-04
2.401598299582030638e-04
2.501501381980825167e-04
3.418774937506419143e-04
4.291551751471958664e-04
2.925753465093661188e-04
2.995148899555891142e-04
2.962334218661807905e-04
2.631107279519248610e-04
3.265505136244087336e-04
3.102152237240834998e-04
3.054470839226539058e-04
3.054635529250587789e-04
3.447270353973477808e-04
2.098589562321145907e-04
3.770021052949198981e-04
2.142689566906122445e-04
2.365593518772537984e-04
2.779800050624961494e-04
3.242974334675963188e-04
3.486171334350848805e-04
2.032903613483211247e-04
4.599144597457124894e-04
3.291310246796991246e-04
3.534461549489151255e-04
2.211112022517461306e-04
2.605239900886902049e-04
2.579984458757414445e-04
2.718708774331890510e-04
2.740884747002292343e-04
2.764820321692271210e-04
2.725262256687011053e-04
3.646280315525371463e-04
2.734284635773215344e-04
2.615355879331676681e-04
2.950707819890374672e-04
1.941239627179722205e-04
2.497615498901206710e-04
2.403760515317376889e-04
2.806969570984738094e-04
2.697796252789097515e-04
3.508098859565239591e-04
2.069483620983567085e-04
3.483965455088888774e-04
3.374602537702942051e-04
2.887181671998792498e-04
3.115433447942253520e-04
2.861605645872039583e-04
2.935970274627539012e-04
3.713523858403025568e-04
3.483688977903298678e-04
4.050971725552757197e-04
2.474246464189422401e-04
3.246478085273743486e-04
3.570704678470398852e-04
3.632238808866303237e-04
2.548579473751894087e-04
2.750795089370774993e-04
2.815948759301509230e-04
2.980073857164131090e-04
2.670101781092684701e-04
1.935260728689741638e-04
2.311880385827830287e-04
2.590253094938432810e-04
3.307430191034077538e-04
3.168432911037633026e-04
2.808230669590489059e-04
3.208865038326347285e-04
4.014363164546105867e-04
3.311433600626662033e-04
3.282991946196370248e-04
3.788603053890837735e-04
3.641606880782979894e-04
3.316194622900378586e-04
2.263825806467431589e-04
3.149218961821242946e-04
1.036429169872010725e-02
7.543662177383232692e-03
6.124079147434426801e-03
5.278354883680363985e-03
5.426749246999828385e-03
4.724659065501270183e-03
4.564262389641457474e-03
4.820913186521426363e-03
4.266050036705590354e-03
4.078605707327417895e-03
3.607519596593590505e-03
3.901344136835648013e-03
3.984601824269393133e-03
3.726330195299526471e-03
3.569642744562798176e-03
3.965328417264893379e-03
3.918764769855760666e-03
3.719639410682949732e-03
3.541424456895543582e-03
3.660117708496071764e-03
3.188151384696920332e-03
3.315180877089249356e-03
3.454322205559363923e-03
3.175661258040751722e-03
3.292045507335937538e-03
3.526914329166845607e-03
3.197918052757223184e-03
3.179271298615726771e-03
2.841825531813134409e-03
2.811910440125575672e-03
2.816875977004404397e-03
2.865948166680225284e-03
3.274520600442022006e-03
2.976853765709414068e-03
3.014446439243145814e-03
3.132880206557879521e-03
2.657719818278073132e-03
3.111840471682392195e-03
3.072038897363398025e-03
3.053294004289448804e-03
2.767256556550912183e-03
2.735088340698667297e-03
2.825789537593825784e-03
2.970848677683456118e-03
2.637045079217116561e-03
3.160048529559283947e-03
2.860605205303193288e-03
2.631973686877724095e-03
2.676519839546372126e-03
3.204092405123246112e-03
2.819158548011395371e-03
2.988816074216679719e-03
2.945040563541369283e-03
2.931271559978486374e-03
2.847375223640237485e-03
2.839610206076113863e-03
2.983828115375591894e-03
2.667631743032576608e-03
2.916625155374427680e-03
2.703537084466481333e-03
2.713520740103343709e-03
2.626562379360861121e-03
2.495855942680064166e-03
2.879157334700024884e-03
2.837005896636060620e-03
2.747706989883566542e-03
2.762844368274848528e-03
3.085497000081614816e-03
2.942060709907975968e-03
2.771047911040692979e-03
3.054508693699116428e-03
2.646826930378584630e-03
2.797270632953513525e-03
2.416307787640174787e-03
2.883052274433660356e-03
2.562303826493778081e-03
2.594692479445721844e-03
2.694897805862711548e-03
2.671634957695040447e-03
2.760518034018888400e-03
2.961281273098449740e-03
2.682778647409171657e-03
2.698596413171383546e-03
2.830354072459032033e-03
2.400823437656879333e-03
2.973986798452989133e-03
2.737358155953613370e-03
2.417694522975230575e-03
2.737134047116153435e-03
2.948571477098864413e-03
2.544631828147896069e-03
2.455554571558868360e-03
2.713713084294855360e-03
2.574143567715937719e-03
2.447913061268722212e-03
2.756907755650003788e-03
2.699822550051383940e-03
2.518916306583671161e-03
2.744753860654376709e-03
2.616621684812948934e-03
2.402754563539041821e-03
2.573226863114702612e-03
2.333169336862506160e-03
2.453520519346136242e-03
2.888987417230946819e-03
2.570801754013432583e-03
2.209642024874267086e-03
2.406970253301110585e-03
2.155583542235821326e-03
2.148057755528849644e-03
2.542785783180678827e-03
2.451836208159460795e-03
2.348136038128709191e-03
2.398287658833549163e-03
2.415119330353043825e-03
2.440892480056362779e-03
2.336563775704278423e-03
2.383841434973603401e-03
2.690811647977492393e-03
2.443313663752839926e-03
2.111080075578829207e-03
2.272530905954667224e-03
2.271331400444984161e-03
2.448447786626534173e-03
2.335802453663861356e-03
2.651864207850448962e-03
2.176749009283295011e-03
2.186078730238454060e-03
2.206010094504926022e-03
2.442817491006846198e-03
2.500782356261735395e-03
1.949947958248571256e-03
2.192716693812449269e-03
2.174980364206477446e-03
2.206791396083034040e-03
2.443445978077413150e-03
2.411929226260767223e-03
2.203758267711374008e-03
1.942325738410584368e-03
2.085724041188612154e-03
2.221537336312605360e-03
2.339828238492359935e-03
2.327714990959642294e-03
2.157280518858009644e-03
2.200483783068522825e-03
2.220421345991888118e-03
2.275758353743780049e-03
2.297487114716487144e-03
2.217241886604728873e-03
1.999609575764879632e-03
2.116994031850456814e-03
2.040879987562312092e-03
2.044859885002581201e-03
2.153932516609821657e-03
2.314749750862515887e-03
2.282224266658999801e-03
2.227143782995336108e-03
2.099805826167373823e-03
2.238129628102977775e-03
2.188941567419729062e-03
1.899988771506266882e-03
2.177632857681806311e-03
1.979046823708502378e-03
2.137128534042478933e-03
1.996967430770518748e-03
1.998830178667136692e-03
2.222968166529760980e-03
2.317544825717055001e-03
2.268325694557753180e-03
2.079854135129476089e-03
1.966321969689155402e-03
2.265421394660384335e-03
2.418443139885421977e-03
1.989237981332180050e-03
2.236805742246675277e-03
2.120938378805906077e-03
1.962720285784730345e-03
2.326991685159152112e-03
2.154334770226098983e-03
2.408870832386021676e-03
2.117874052471074853e-03
2.233126079393826791e-03
2.138545330038210679e-03
1.969211715202201507e-03
2.037290829505981893e-03
2.142825368575226874e-03
2.091681040234577571e-03
1.990241103438185333e-03
1.947809693283640564e-03
2.237528888160061902e-03
2.341289173512874078e-03
2.112690091132088388e-03
2.152382316118771344e-03
1.947847785055328851e-03
2.221972092990603942e-03
2.184123017554488733e-03
2.137874878417371505e-03
2.252696858612714126e-03
2.165692703769039884e-03
2.072374757312742122e-03
9.693880366393799186e-03
8.022481958609960218e-03
5.988944970934377554e-03
4.601734200404820896e-03
3.992105592325281838e-03
3.677869332697210336e-03
2.738524638953708512e-03
2.204947057606515548e-03
2.231497784648088512e-03
1.837815095619171890e-03
1.278454794388345084e-03
1.379330878167099594e-03
1.279817718790147996e-03
1.101509923760360388e-03
1.178798556157302502e-03
9.482110680278030279e-04
9.421527396564211010e-04
9.920541094314491715e-04
8.258591411316393294e-04
7.267621655197079034e-04
6.858093329591627429e-04
6.999371938381099278e-04
6.519073951218798402e-04
5.451916970063419576e-04
5.996291356960836705e-04
5.352999120630114183e-04
3.930805961812125493e-04
6.484725481989209173e-04
4.533420285519548787e-04
5.899751212211853946e-04
5.281442194610269647e-04
4.260054369133736696e-04
3.900075388208329441e-04
3.971156905284156657e-04
4.303456987633791364e-04
2.754544727429503181e-04
4.902997158082109119e-04
5.456866919477457167e-04
3.240627191091541293e-04
3.385652101136754633e-04
3.473131586640768043e-04
2.712012974359079287e-04
3.317723311133183306e-04
3.214524289473635887e-04
3.569608676343288822e-04
3.945024729259533069e-04
4.081945150521681942e-04
4.517024896665347566e-04
3.833777893198081488e-04
3.666968181283633554e-04
3.347841523311731460e-04
3.801246610572739382e-04
4.794200510536139603e-04
2.922807017703074606e-04
4.727720679685229466e-04
2.888518025798564315e-04
3.514107241833278050e-04
3.469298643839491270e-04
2.455796020666561885e-04
4.404977152616257330e-04
3.824528016362765959e-04
3.039310840629305677e-04
3.384839618447016418e-04
3.868079225215551031e-04
2.184195391662230312e-04
3.139340345003835409e-04
4.052766094483767345e-04
4.728833578757432599e-04
2.844414376438411662e-04
3.084290524584185067e-04
2.222861539589240931e-04
4.197674852962143821e-04
2.545659751374551583e-04
2.998142838501124952e-04
2.969134747256713114e-04
2.693356040152916631e-04
3.023160496146426457e-04
4.955720869049690114e-04
2.580570306066135022e-04
2.261769243126349194e-04
2.012510629656183436e-04
3.366461036368798010e-04
3.028431453667018713e-04
2.900469407043568260e-04
2.849538955515609762e-04
2.457740906726957331e-04
4.083051092656844738e-04
2.593976761467164938e-04
4.341680785189816483e-04
2.475026049067879930e-04
4.377244748288086629e-04
3.108373770503575217e-04
2.682505981360314151e-04
4.419061122456907631e-04
2.612037276468401337e-04
2.567211772122809932e-04
2.995714131066445907e-04
2.973941966904966594e-04
3.130897498579490734e-04
2.734261517152863918e-04
2.785051882647424093e-04
3.083367172094925168e-04
1.838384193844841419e-04
2.813220304311650488e-04
3.603519125012222268e-04
2.732062233683912877e-04
2.782405833835349673e-04
2.714577291995298736e-04
2.975377897835931873e-04
3.332240261104679746e-04
3.912328297795419907e-04
3.055519596672287563e-04
2.980909473600315551e-04
3.989148350073759564e-04
2.618806162613049326e-04
3.309115065237705489e-04
2.903112751020536786e-04
2.805868563255722870e-04
2.962061475319591186e-04
3.451677898870936234e-04
2.968029492397550317e-04
3.505212437679289250e-04
2.959895342751345249e-04
3.447752076840768232e-04
3.006737531444508837e-04
2.978093628471234489e-04
2.694942487920515273e-04
2.060062729092176914e-04
3.469461770570642090e-04
2.626198407150517888e-04
4.618828719460191246e-04
2.170330705319051257e-04
2.928048558321419415e-04
3.656139701253974250e-04
3.039070934842957872e-04
3.605209329859693224e-04
2.559797107992423104e-04
3.461896377006806746e-04
3.496120875727606880e-04
3.084794938348553450e-04
4.649887543387160038e-04
2.449615768970805907e-04
4.023744282356175872e-04
4.001793308576612196e-04
3.176414169344735083e-04
3.231110862805600115e-04
4.371398352647493102e-04
2.159433799821669497e-04
1.987590297325078637e-04
2.744207321103281361e-04
2.679870144866938753e-04
3.438092029491093826e-04
2.225958009753822853e-04
2.880880085108852851e-04
2.797461616936003370e-04
3.730095749205492028e-04
3.649981547389491432e-04
2.606173514058049423e-04
3.029562760706178137e-04
2.890749969758146798e-04
2.609655564075746836e-04
3.705026492351257139e-04
3.343260017808352691e-04
2.525463724692353362e-04
2.609754063351218956e-04
3.084084391695302019e-04
2.869142359617354865e-04
2.400309567228628427e-04
4.104598328853667488e-04
2.530597852475544030e-04
3.556679282385663554e-04
2.577421596920773106e-04
2.405317559524278170e-04
1.923042675116559685e-04
3.537493536521080228e-04
3.522528239940578287e-04
2.195573765940220246e-04
3.663581994951675691e-04
3.875068360898112352e-04
2.354090287273388760e-04
3.931111353090918636e-04
2.435527621057753667e-04
3.421651694225646967e-04
3.334080721591539676e-04
3.895536177122432830e-04
3.650376401587787645e-04
3.456475314315282654e-04
2.786186432180356998e-04
3.646078938025765215e-04
2.816009087142218315e-04
2.627567509280864799e-04
2.943301414734533772e-04
2.865038784864090693e-04
3.041914695675607128e-04
2.551705588511588019e-04
2.832906293221970628e-04
2.929253651876850828e-04
3.758800184167146452e-04
3.455687764654796768e-04
2.914711002480335766e-04
