1.213721757741974272e-02
9.280330763342933831e-03
7.574955108324545050e-03
6.565347628702644656e-03
6.235286471375826867e-03
5.404420769201855046e-03
4.983825516485240747e-03
4.837967538301825299e-03
4.118911668876248933e-03
3.901714364402432411e-03
4.329237126188066609e-03
3.407546392731556489e-03
3.444905433080965029e-03
3.321634653997242170e-03
3.157363440536881116e-03
2.631094053279658951e-03
2.818768572843396991e-03
2.637028906027738540e-03
2.374757302845781348e-03
2.201742364658691720e-03
2.419062317492400027e-03
1.791279503300116649e-03
1.662396253417214309e-03
1.585867941694525662e-03
1.472418202612173210e-03
1.731023618722536683e-03
1.630276210796199887e-03
1.206228460249078593e-03
1.388122539960047475e-03
1.248562256688449945e-03
1.153685114712053872e-03
9.223266526297221879e-04
9.360022984824800663e-04
8.600213853720770074e-04
8.376919571826055289e-04
8.753270616826125394e-04
7.853001916841989560e-04
1.021165230891296627e-03
7.658149000017780428e-04
7.675259175361701103e-04
7.015022494142250653e-04
7.938437023978714424e-04
6.026069253782170843e-04
6.540980685454875210e-04
6.012826977459598266e-04
6.060229385614762654e-04
5.607080505226902378e-04
4.740414349751267964e-04
5.174389904225792924e-04
4.998814159741585272e-04
4.430771389262108673e-04
4.855129303216743075e-04
5.367125668230068869e-04
3.490091035102740880e-04
4.286819029598459840e-04
6.044651192441963250e-04
5.019480448769236824e-04
4.512206156601500373e-04
3.286571570247573404e-04
4.635488418919253562e-04
4.206675028256279258e-04
3.253075580171294057e-04
3.795601417502653119e-04
4.082761394678738331e-04
4.118935333219456152e-04
5.075540213874615847e-04
3.499410849111400656e-04
2.974734935399653279e-04
3.105618573571514163e-04
3.553921902232706764e-04
4.016370289970649932e-04
4.264625222762524759e-04
3.582906343220920720e-04
3.441760659195838845e-04
4.359330269276262548e-04
3.375406295668195722e-04
4.316803991767578785e-04
2.775875896498178341e-04
3.946892574759122696e-04
3.472768855616661932e-04
2.571015787696181998e-04
3.637029045451337095e-04
3.608701015085438724e-04
3.865639688397370932e-04
3.131287740242294504e-04
2.933179274862141028e-04
2.290895674054091447e-04
2.555325675481778802e-04
5.727929583935684188e-04
3.150775510727538142e-04
4.788268803636516746e-04
2.271859316795507566e-04
3.274476560915298706e-04
3.205429888552754902e-04
3.343200735000106949e-04
2.762670961135443859e-04
3.281372686574843267e-04
1.925597896179145896e-04
3.284684318183295204e-04
3.010164059307623985e-04
3.221393807238959184e-04
2.711565813106123213e-04
2.158039467972383552e-04
3.377688115119084622e-04
2.723513496652452126e-04
4.745390566856175218e-04
3.384250340671968171e-04
3.023636967574849788e-04
2.927719375372811461e-04
2.823767717527389531e-04
3.036114659119154569e-04
2.171383179276273334e-04
2.923247479226925849e-04
2.844696719943445862e-04
3.710012537777515607e-04
2.583323544038257369e-04
2.427248105098950282e-04
3.386977205368860155e-04
2.967142380643841837e-04
3.069610726144852975e-04
3.767115817019106583e-04
3.134087352638925683e-04
2.455002392871968864e-04
2.382248159450914282e-04
2.990220415159394740e-04
2.876248497108851998e-04
3.123992092928240538e-04
2.413098710157199345e-04
3.547655741982028155e-04
3.071387428329047653e-04
3.987966762460243286e-04
2.738524833489075494e-04
2.966285999683251906e-04
3.021544931908759501e-04
4.187615609818479134e-04
3.138215565081162173e-04
3.239363521057789241e-04
2.258328708676510255e-04
3.214449626692469919e-04
3.294487710133395253e-04
1.907997375821257613e-04
2.835414878918710024e-04
3.659641708720767772e-04
2.129166090939632605e-04
2.054066940555474008e-04
3.348464389779856609e-04
2.319973898835536730e-04
3.189006155143100929e-04
3.035406043309790691e-04
2.153139174532470168e-04
1.743031669917544102e-04
2.193959467195125135e-04
2.920918643542005921e-04
2.377937401883620239e-04
2.481249053603237775e-04
3.010383579350392469e-04
4.313674620093355117e-04
2.734789421026187495e-04
2.960907394197187514e-04
3.177293068742925719e-04
2.966334857531088831e-04
2.569564376027066999e-04
3.538514834957456889e-04
3.196366212698045772e-04
3.233595641117317787e-04
3.368878298124072801e-04
3.202676148169047998e-04
2.157307798271515531e-04
3.501097270287995000e-04
4.529466979705104590e-04
2.877455967751629817e-04
3.078649808324479542e-04
2.728734101875365803e-04
2.863190981362215282e-04
3.393581412517165941e-04
2.821690750300920314e-04
4.163874235207920549e-04
2.111124227385657859e-04
2.929804144631217855e-04
3.599094791592247211e-04
2.614985022141302906e-04
2.903727304422037969e-04
2.093054617874970380e-04
3.750612264435820853e-04
2.059817777795985849e-04
2.986304012473073310e-04
2.135729791283638712e-04
2.467169584524711579e-04
3.874917082056367201e-04
1.852933082350585736e-04
3.694089657947305372e-04
2.998083820206567940e-04
3.234194752697108766e-04
2.802650244198151563e-04
3.260412987934266371e-04
3.486055878558630416e-04
2.346413002929648162e-04
4.446384634488598220e-04
3.249487440266582428e-04
2.963749449816227566e-04
1.383470764547001935e-02
1.105360635426082955e-02
6.438766401972918774e-03
4.942444191170340673e-03
3.672083061934110215e-03
3.223984149397424170e-03
3.886487532251056698e-03
3.055904659297836723e-03
2.800570457442259908e-03
2.673025004414353312e-03
2.491660732178449522e-03
1.801352895358453166e-03
1.904015634336717055e-03
1.641228069984512761e-03
1.750184760731625377e-03
1.599665453256307601e-03
1.293350659576787687e-03
1.093252009672501801e-03
1.137154672492431129e-03
1.291588490581571658e-03
1.294079051309668382e-03
9.061555644696850376e-04
1.184555946735332821e-03
1.002928163578387100e-03
8.395899408333920566e-04
8.183505637954294198e-04
7.670236138104316592e-04
8.000709707736558540e-04
7.979548474807002245e-04
7.131785875240867489e-04
5.033725250776846516e-04
7.385023015690911352e-04
5.220788109216931150e-04
5.218451978820093373e-04
6.327581522512018553e-04
5.188344982258313864e-04
5.628706932911328731e-04
3.595024201590996116e-04
4.814501719611688491e-04
4.493792402486193605e-04
4.432288222642258302e-04
4.107366409153226372e-04
4.992027544780744397e-04
4.334808093207492830e-04
4.191085313558703951e-04
4.080401442369402387e-04
3.628108198738891343e-04
3.970994356526369451e-04
2.853490901604111007e-04
3.681552928735468133e-04
3.226413379453091368e-04
4.881938251750997382e-04
2.943305202313881153e-04
3.848104647534364431e-04
3.056951205224617274e-04
2.518629757070345310e-04
3.565589600240184898e-04
3.619823685304113248e-04
3.379914033641504001e-04
3.106642279614157953e-04
3.770141509769134314e-04
3.110120712148320421e-04
3.290738210091001537e-04
3.334591101279427150e-04
2.919334056716085812e-04
3.814656301416238793e-04
2.782749528611808132e-04
3.511591016014808941e-04
4.034797652080271413e-04
3.589858326183414938e-04
3.271135299025146326e-04
3.104117944758288949e-04
2.229809354029610446e-04
4.310582579126198688e-04
3.793311683389435918e-04
4.048985518183695342e-04
3.343095115610345003e-04
3.672553428688274391e-04
2.838550192029373753e-04
2.461622091688500658e-04
2.537538389323357180e-04
3.618771748521987242e-04
3.905488506735013687e-04
2.629938187643857117e-04
2.365889862159659129e-04
2.777284054568396332e-04
2.909104498857034704e-04
2.360462671128771284e-04
3.807886002056976027e-04
2.923363474075235668e-04
3.780187975595122873e-04
2.353244999830084172e-04
3.572902356668364310e-04
2.797269479573802342e-04
3.376432779920307548e-04
3.694083826843858054e-04
3.301371253611878887e-04
2.818603792313217893e-04
3.224168500110119462e-04
2.838985539551502901e-04
2.536036938062397050e-04
3.660537355840293161e-04
3.026293420580472571e-04
3.718541759742122199e-04
2.129391759572926701e-04
2.441980465361023866e-04
2.478258845047195957e-04
2.577824567739986361e-04
2.650121345404363171e-04
2.340418386552745034e-04
2.775448960269308318e-04
2.898931763713960552e-04
3.584474790487568452e-04
2.090056628868616762e-04
3.107448102763546438e-04
2.815409271579860651e-04
3.153060510200852984e-04
2.958899931650160742e-04
2.124354058279515067e-04
4.432742994232574674e-04
3.147436526500235754e-04
2.367979478248641301e-04
2.623467901709392036e-04
2.036191206601922765e-04
2.989911794866531580e-04
3.034993825378681787e-04
2.531680683765316631e-04
3.970482509358871925e-04
3.680174299143801342e-04
2.933611341630129599e-04
2.538288031410096401e-04
2.971488996354951229e-04
2.671361192202043044e-04
3.521483003400271983e-04
2.305237141022598024e-04
3.208308970999440568e-04
2.718868698475818135e-04
2.895409137002036282e-04
2.645794404621121254e-04
2.342425200560493970e-04
2.812604697103177065e-04
2.826422121189331449e-04
2.126033126149881602e-04
2.598612594589475022e-04
2.620991841439448966e-04
2.971063092854081544e-04
3.397307648392716706e-04
3.627234285522237811e-04
2.057086045954906184e-04
2.638226249068315044e-04
3.636485360863639382e-04
3.448126591575825795e-04
2.427430439189137701e-04
3.270208707442240348e-04
3.163807610804536541e-04
2.480503622082283477e-04
3.999180447906564018e-04
3.900903629100171965e-04
3.335634065031525819e-04
3.016142746416206055e-04
3.256789501385193297e-04
2.673393985275565599e-04
1.578483146011458449e-04
3.320560419454443579e-04
2.700188993713659169e-04
2.068105728179336911e-04
3.843980350109049704e-04
3.384958837283694177e-04
4.058221514601917379e-04
3.430464345008932270e-04
4.316405819562926793e-04
3.994979589385244667e-04
3.123397669376262731e-04
2.329925504960250748e-04
2.726454700780270302e-04
2.681513798660356551e-04
2.751896342021373232e-04
2.716155096058880947e-04
3.310158047264213921e-04
2.976499878492300244e-04
2.358719463090713786e-04
3.806205443109972331e-04
2.404327262448407998e-04
2.808298273634241005e-04
3.293766108440343565e-04
3.739831718928762760e-04
2.211089855675071880e-04
2.844117895287739950e-04
2.875257663494043547e-04
2.889457591649172152e-04
2.927868373718417461e-04
2.887985761139411078e-04
2.745960673561503862e-04
2.633084657646667104e-04
3.655554712074307600e-04
3.030721638504971227e-04
2.787598766699136976e-04
3.503166146948122339e-04
2.400694509444925573e-04
3.167642978106136042e-04
