1.241531598865763114e-03
8.763985978689770029e-04
1.158514797768572802e-03
9.979600333267224510e-04
8.163870777308374072e-04
9.467717847459304614e-04
6.882510571596736626e-04
8.335382923608490591e-04
7.328587340229807123e-04
7.926900513364303069e-04
6.620931181919864628e-04
6.554416329711196254e-04
6.496522353265574146e-04
5.571487895354061692e-04
4.471297449679390024e-04
6.911782756464784905e-04
7.332019959337861270e-04
5.874138577309680198e-04
6.569908293997117621e-04
5.660241628446839590e-04
6.393548059045739418e-04
5.714661632515542766e-04
5.769546255027235837e-04
5.223323777707108984e-04
5.921790145565902774e-04
5.513249121356159077e-04
5.377759843693749597e-04
6.238564946345337425e-04
5.262020620916477154e-04
5.477281327438791869e-04
4.894849156873021245e-04
6.315890261718165588e-04
4.427186881129294149e-04
5.204349253400963882e-04
5.817659182047567323e-04
4.660082942097264203e-04
6.425087081924005239e-04
6.876920764516646079e-04
4.910578929411962834e-04
5.845275344306052889e-04
4.893157175777304579e-04
4.436018222110683917e-04
4.156985693792095149e-04
4.655012597927915552e-04
6.337087301952794294e-04
4.561438173991648470e-04
5.320655656953637846e-04
4.488596841466310772e-04
5.164541765654354077e-04
4.560308194796330872e-04
4.678236614234221324e-04
4.237052074726258000e-04
4.383494307434281090e-04
4.872399463816089182e-04
6.026806776818147138e-04
5.477987031175420019e-04
5.424812029365261301e-04
4.246475779025420116e-04
4.456624131991687721e-04
3.756523123586187618e-04
4.907838552597951209e-04
5.167075318232676462e-04
4.745123742111306830e-04
4.165165665378396664e-04
6.193925659810327333e-04
5.110565523857128756e-04
5.221258192453850921e-04
6.239260103035985938e-04
5.213877671764351185e-04
4.848146278573425838e-04
4.779884498836393936e-04
4.113915386455072043e-04
5.329373779750894158e-04
5.879249531347968682e-04
5.430882573226811227e-04
5.331884694430993887e-04
4.437669777483943534e-04
2.952057842853274272e-04
5.535536293576094613e-04
4.406976946885569901e-04
4.253402535775822890e-04
6.239364948459232008e-04
3.880598972199542085e-04
5.585819597987637386e-04
5.774416472640181430e-04
4.198762040023840125e-04
4.340401243110095231e-04
3.591370158270469626e-04
5.098259671074516219e-04
5.794711671710840728e-04
5.601020015888191761e-04
4.388068063397934648e-04
6.157729103905204560e-04
3.998471582545432002e-04
5.049732191863345876e-04
5.166231567158424687e-04
5.360289322590382211e-04
4.191726635714501659e-04
4.805631045288472070e-04
4.521236473905392017e-04
6.153235671361757808e-04
5.989300226751752276e-04
5.119656248349889471e-04
4.984855336633911560e-04
4.500011577773105342e-04
5.450588856952993944e-04
4.916322031335816634e-04
5.783031536272624507e-04
5.689239939385901113e-04
5.287816051659406658e-04
4.012526245804788616e-04
3.911187216155062596e-04
4.614493476670922245e-04
5.093241497148917607e-04
5.051590826811169777e-04
4.582739186948479870e-04
6.346106237896942392e-04
4.813333165916422463e-04
5.323886683936789044e-04
5.028353879955906047e-04
5.006145992915086995e-04
4.530023320497324202e-04
3.919925355680003998e-04
4.544236016527751498e-04
4.318478232993409882e-04
5.420232821847677240e-04
5.082710303087496773e-04
4.055118993278178374e-04
5.357941440259327004e-04
6.053761712345971657e-04
5.082494010126489825e-04
4.976918687623343995e-04
4.841969975490009737e-04
4.395631327551406675e-04
4.246632125863639140e-04
5.505758846520054928e-04
3.731978677504743658e-04
5.442345826363222117e-04
4.799904649434305615e-04
4.328507950490320666e-04
4.868584910412421252e-04
4.198707045796161441e-04
4.968125640894965889e-04
4.849056613205962596e-04
4.497459370985529281e-04
4.485999078807541285e-04
4.879697649914811752e-04
4.117026387280425803e-04
4.200167254539387274e-04
3.852067361741554063e-04
4.201933454697284742e-04
5.724723199393676187e-04
3.402862267987451228e-04
5.005625276774880450e-04
5.150350576630935429e-04
5.489311708036688497e-04
4.339432960356499891e-04
4.226725207139327145e-04
5.084698732012518652e-04
5.652078380118524814e-04
4.647868480222583365e-04
4.724283613979397833e-04
4.023453301858319342e-04
4.953053722431162431e-04
3.864631807341777081e-04
4.731432659895520865e-04
3.943556178691437486e-04
4.549926862043793263e-04
4.908654724575765849e-04
4.353639497608682851e-04
3.947150396713255960e-04
4.355972614962372313e-04
5.412336990919981716e-04
4.189051000608179365e-04
4.766908454469608036e-04
5.089963292702441577e-04
4.649566912609919000e-04
5.220793674648241400e-04
4.397481968199563884e-04
4.903804091816836574e-04
5.430786290250289028e-04
5.202647970483642581e-04
5.239932687705201042e-04
4.215728923641741399e-04
4.076924508730102314e-04
3.992674475678005541e-04
5.759497389621649754e-04
4.154678535009809215e-04
4.378240485783356506e-04
4.561242325748539328e-04
3.984081633685923607e-04
5.117077495791905184e-04
4.662251028976077682e-04
3.005486932577648707e-04
4.192963528099544201e-04
4.343127128307346096e-04
5.157056594896243518e-04
4.666938042713966728e-04
4.096143040021905934e-04
4.042918056858663123e-04
1.055392949987229989e-03
9.954488530861185791e-04
1.250213099202195088e-03
1.283441807365774678e-03
1.067336835703765197e-03
1.026062075109943766e-03
8.314641977441791787e-04
1.064471912066589782e-03
9.403233686343485942e-04
1.024444527860830789e-03
9.098793428388846083e-04
7.401711385895126671e-04
8.057228177940287117e-04
7.789248000809323447e-04
6.626933463610464037e-04
8.280808891458248111e-04
7.137589619519643658e-04
9.068897879464937750e-04
7.666823858865634556e-04
7.650770665508233037e-04
8.847876697499930387e-04
8.822835835505422886e-04
7.655343826274071950e-04
8.110525744698462991e-04
8.290487778165392396e-04
8.063221090632670396e-04
7.344052317607048519e-04
6.158658838026076499e-04
7.368862273456448786e-04
8.162342586786400234e-04
7.428404005336217142e-04
8.792624248530125919e-04
7.437008017502390322e-04
6.941578577153995067e-04
7.612279619966001720e-04
8.832831863210093004e-04
8.654016190478598658e-04
5.840251782959007820e-04
5.649080516123040907e-04
6.168089795664868924e-04
7.080469732327863974e-04
8.787785802725801843e-04
7.223229616899404237e-04
7.490422125087277394e-04
7.041650578564900842e-04
6.976841773578962291e-04
8.975343751029853101e-04
7.246406642958287680e-04
7.528503045861091592e-04
6.980627453577088748e-04
7.884758242178539767e-04
5.857519478513449618e-04
6.295665397376450090e-04
5.843940384590851078e-04
6.326598162137847536e-04
6.173491121235601120e-04
7.175576847956895155e-04
8.220047407537928175e-04
6.682537397191615214e-04
6.607335682545824318e-04
6.806907950920142170e-04
7.694651083967676830e-04
7.333962732326039513e-04
7.284370497683718970e-04
6.890936919483545142e-04
6.071441422017612166e-04
6.599704260868456684e-04
6.204628708231380019e-04
7.682308368669663046e-04
6.579531460496092221e-04
7.125141284585224943e-04
7.577594590276737208e-04
6.269856202204687756e-04
5.914596684132786275e-04
8.343130470220352923e-04
5.619629474556790683e-04
7.355057575348482313e-04
4.645410303572607147e-04
7.156980866303910838e-04
6.201941472116119514e-04
8.916735367648503940e-04
7.293783754045053691e-04
6.104179837044289292e-04
7.875498205911837801e-04
5.789059906631671693e-04
6.278286694136325785e-04
6.768199468110205896e-04
7.303630815521724995e-04
6.724682672768836356e-04
6.845734390843738471e-04
6.284185780933843057e-04
6.787148130426336190e-04
6.157009280068556634e-04
7.930335073648916988e-04
7.214335735472032773e-04
6.043973003047459214e-04
7.322331894501730998e-04
5.966667006455511624e-04
6.900920938701475549e-04
5.530611901627610627e-04
7.289008908811095422e-04
7.112497422152343207e-04
7.014484615068504458e-04
7.052013307655806418e-04
6.353704925372363754e-04
5.980697109765169273e-04
7.413355480100254635e-04
5.207489158777361959e-04
6.191427082637875057e-04
5.454368865054973203e-04
5.677453635676739385e-04
6.468680606056612103e-04
5.244522202654221255e-04
8.106197376320511960e-04
6.852390710934130880e-04
5.347740255558369737e-04
5.849905587171286281e-04
7.090687113865713764e-04
6.739534144827655227e-04
6.548609577805043769e-04
7.429047688524079152e-04
7.116288741348154867e-04
6.554149518386703788e-04
6.369884705938431979e-04
5.691949693430661816e-04
6.364581634721068470e-04
6.210835027741119785e-04
5.807398833481275391e-04
5.299246080186226227e-04
7.255789906451017013e-04
6.149198465434865812e-04
6.771190267844985622e-04
6.129460001420561355e-04
7.397491314436073495e-04
5.190376683022433768e-04
6.663370079966236814e-04
5.985559494458801699e-04
6.148722819081658963e-04
4.700854114170760489e-04
5.521405517514704764e-04
5.448939556278141472e-04
5.826052261606248783e-04
7.098098481854789310e-04
5.571249849184965741e-04
7.187142005268022660e-04
4.897934912197893231e-04
5.894317140613600237e-04
6.214079014604419193e-04
6.061428945055291617e-04
5.456736938564306361e-04
6.283631373191871095e-04
6.482137849678666630e-04
5.232579832523537311e-04
6.023795189553024509e-04
5.932689999764741151e-04
7.125878236641410013e-04
4.741251954712907835e-04
6.124339532625026894e-04
6.764867490524108240e-04
5.668877159288217282e-04
5.613234412003148543e-04
6.846958690106923207e-04
4.927554570795904254e-04
5.947499865029438892e-04
5.287276051437056479e-04
5.459383737581001428e-04
5.954487175221997997e-04
5.851081880287635484e-04
8.101173637918672454e-04
5.730640045611100353e-04
5.584884360831030015e-04
6.772669166511396943e-04
5.829317660220531550e-04
5.766272878796850632e-04
5.187745819021545579e-04
4.920321018527726298e-04
5.810778394644000588e-04
4.204428533354578890e-04
5.324885975226956170e-04
6.170737454544578116e-04
6.300241772944255303e-04
6.169650257926810599e-04
5.004745422379427988e-04
5.605211638091099624e-04
4.869474694437145312e-04
5.502489068894868274e-04
4.133584413317584194e-04
6.365046563426395021e-04
6.004834468880324017e-04
7.288734570905439081e-04
4.942371323070904321e-04
5.800375381194086688e-04
5.381873818179547242e-04
5.199066831962986801e-04
5.471018373872198193e-04
5.104681247577354253e-04
6.095517602879609032e-04
4.793161640878097762e-04
4.530767205879852877e-04
6.479596987819837006e-04
