1.241531598865763114e-03
8.763985978689770029e-04
1.158514797768572802e-03
9.979600333267224510e-04
8.163870777308374072e-04
9.467717847459304614e-04
6.882510571596736626e-04
8.335382923608490591e-04
7.328587340229807123e-04
7.926900513364303069e-04
6.620931181919864628e-04
6.554416329711196254e-04
6.496522353265574146e-04
5.571487895354061692e-04
4.471297449679390024e-04
6.911782756464784905e-04
7.332019959337861270e-04
5.874138577309680198e-04
6.569908293997117621e-04
5.660241628446839590e-04
6.393548059045739418e-04
5.714661632515542766e-04
5.769546255027235837e-04
5.223323777707108984e-04
5.921790145565902774e-04
5.513249121356159077e-04
5.377759843693749597e-04
6.238564946345337425e-04
5.262020620916477154e-04
5.477281327438791869e-04
4.894849156873021245e-04
6.315890261718165588e-04
4.427186881129294149e-04
5.204349253400963882e-04
5.817659182047567323e-04
4.660082942097264203e-04
6.425087081924005239e-04
6.876920764516646079e-04
4.910578929411962834e-04
5.845275344306052889e-04
4.893157175777304579e-04
4.436018222110683917e-04
4.156985693792095149e-04
4.655012597927915552e-04
6.337087301952794294e-04
4.561438173991648470e-04
5.320655656953637846e-04
4.488596841466310772e-04
5.164541765654354077e-04
4.560308194796330872e-04
4.678236614234221324e-04
4.237052074726258000e-04
4.383494307434281090e-04
4.872399463816089182e-04
6.026806776818147138e-04
5.477987031175420019e-04
5.424812029365261301e-04
4.246475779025420116e-04
4.456624131991687721e-04
3.756523123586187618e-04
4.907838552597951209e-04
5.167075318232676462e-04
4.745123742111306830e-04
4.165165665378396664e-04
6.193925659810327333e-04
5.110565523857128756e-04
5.221258192453850921e-04
6.239260103035985938e-04
5.213877671764351185e-04
4.848146278573425838e-04
4.779884498836393936e-04
4.113915386455072043e-04
5.329373779750894158e-04
5.879249531347968682e-04
5.430882573226811227e-04
5.331884694430993887e-04
4.437669777483943534e-04
2.952057842853274272e-04
5.535536293576094613e-04
4.406976946885569901e-04
4.253402535775822890e-04
6.239364948459232008e-04
3.880598972199542085e-04
5.585819597987637386e-04
5.774416472640181430e-04
4.198762040023840125e-04
4.340401243110095231e-04
3.591370158270469626e-04
5.098259671074516219e-04
5.794711671710840728e-04
5.601020015888191761e-04
4.388068063397934648e-04
6.157729103905204560e-04
3.998471582545432002e-04
5.049732191863345876e-04
5.166231567158424687e-04
5.360289322590382211e-04
4.191726635714501659e-04
4.805631045288472070e-04
4.521236473905392017e-04
6.153235671361757808e-04
5.989300226751752276e-04
5.119656248349889471e-04
4.984855336633911560e-04
4.500011577773105342e-04
5.450588856952993944e-04
4.916322031335816634e-04
5.783031536272624507e-04
5.689239939385901113e-04
5.287816051659406658e-04
4.012526245804788616e-04
3.911187216155062596e-04
4.614493476670922245e-04
5.093241497148917607e-04
5.051590826811169777e-04
4.582739186948479870e-04
6.346106237896942392e-04
4.813333165916422463e-04
5.323886683936789044e-04
5.028353879955906047e-04
5.006145992915086995e-04
4.530023320497324202e-04
3.919925355680003998e-04
4.544236016527751498e-04
4.318478232993409882e-04
5.420232821847677240e-04
5.082710303087496773e-04
4.055118993278178374e-04
5.357941440259327004e-04
6.053761712345971657e-04
5.082494010126489825e-04
4.976918687623343995e-04
4.841969975490009737e-04
4.395631327551406675e-04
4.246632125863639140e-04
5.505758846520054928e-04
3.731978677504743658e-04
5.442345826363222117e-04
4.799904649434305615e-04
4.328507950490320666e-04
4.868584910412421252e-04
4.198707045796161441e-04
4.968125640894965889e-04
4.849056613205962596e-04
4.497459370985529281e-04
4.485999078807541285e-04
4.879697649914811752e-04
4.117026387280425803e-04
4.200167254539387274e-04
3.852067361741554063e-04
4.201933454697284742e-04
5.724723199393676187e-04
3.402862267987451228e-04
5.005625276774880450e-04
5.150350576630935429e-04
5.489311708036688497e-04
4.339432960356499891e-04
4.226725207139327145e-04
5.084698732012518652e-04
5.652078380118524814e-04
4.647868480222583365e-04
4.724283613979397833e-04
4.023453301858319342e-04
4.953053722431162431e-04
3.864631807341777081e-04
4.731432659895520865e-04
3.943556178691437486e-04
4.549926862043793263e-04
4.908654724575765849e-04
4.353639497608682851e-04
3.947150396713255960e-04
4.355972614962372313e-04
5.412336990919981716e-04
4.189051000608179365e-04
4.766908454469608036e-04
5.089963292702441577e-04
4.649566912609919000e-04
5.220793674648241400e-04
4.397481968199563884e-04
4.903804091816836574e-04
5.430786290250289028e-04
5.202647970483642581e-04
5.239932687705201042e-04
4.215728923641741399e-04
4.076924508730102314e-04
3.992674475678005541e-04
5.759497389621649754e-04
4.154678535009809215e-04
4.378240485783356506e-04
4.561242325748539328e-04
3.984081633685923607e-04
5.117077495791905184e-04
4.662251028976077682e-04
3.005486932577648707e-04
4.192963528099544201e-04
4.343127128307346096e-04
5.157056594896243518e-04
4.666938042713966728e-04
4.096143040021905934e-04
4.042918056858663123e-04
