1.241531598865763114e-03
8.763985978689770029e-04
1.158514797768572802e-03
9.979600333267224510e-04
8.163870777308374072e-04
9.467717847459304614e-04
6.882510571596736626e-04
8.335382923608490591e-04
7.328587340229807123e-04
7.926900513364303069e-04
6.620931181919864628e-04
6.554416329711196254e-04
6.496522353265574146e-04
5.571487895354061692e-04
4.471297449679390024e-04
6.911782756464784905e-04
7.332019959337861270e-04
5.874138577309680198e-04
6.569908293997117621e-04
5.660241628446839590e-04
6.393548059045739418e-04
5.714661632515542766e-04
5.769546255027235837e-04
5.223323777707108984e-04
5.921790145565902774e-04
5.513249121356159077e-04
5.377759843693749597e-04
6.238564946345337425e-04
5.262020620916477154e-04
5.477281327438791869e-04
4.894849156873021245e-04
6.315890261718165588e-04
4.427186881129294149e-04
5.204349253400963882e-04
5.817659182047567323e-04
4.660082942097264203e-04
6.425087081924005239e-04
6.876920764516646079e-04
4.910578929411962834e-04
5.845275344306052889e-04
4.893157175777304579e-04
4.436018222110683917e-04
4.156985693792095149e-04
4.655012597927915552e-04
6.337087301952794294e-04
4.561438173991648470e-04
5.320655656953637846e-04
4.488596841466310772e-04
5.164541765654354077e-04
4.560308194796330872e-04
4.678236614234221324e-04
4.237052074726258000e-04
4.383494307434281090e-04
4.872399463816089182e-04
6.026806776818147138e-04
5.477987031175420019e-04
5.424812029365261301e-04
4.246475779025420116e-04
4.456624131991687721e-04
3.756523123586187618e-04
4.907838552597951209e-04
5.167075318232676462e-04
4.745123742111306830e-04
4.165165665378396664e-04
6.193925659810327333e-04
5.110565523857128756e-04
5.221258192453850921e-04
6.239260103035985938e-04
5.213877671764351185e-04
4.848146278573425838e-04
4.779884498836393936e-04
4.113915386455072043e-04
5.329373779750894158e-04
5.879249531347968682e-04
5.430882573226811227e-04
5.331884694430993887e-04
4.437669777483943534e-04
2.952057842853274272e-04
5.535536293576094613e-04
4.406976946885569901e-04
4.253402535775822890e-04
6.239364948459232008e-04
3.880598972199542085e-04
5.585819597987637386e-04
5.774416472640181430e-04
4.198762040023840125e-04
4.340401243110095231e-04
3.591370158270469626e-04
5.098259671074516219e-04
5.794711671710840728e-04
5.601020015888191761e-04
4.388068063397934648e-04
6.157729103905204560e-04
3.998471582545432002e-04
5.049732191863345876e-04
5.166231567158424687e-04
5.360289322590382211e-04
4.191726635714501659e-04
4.805631045288472070e-04
4.521236473905392017e-04
6.153235671361757808e-04
5.989300226751752276e-04
5.119656248349889471e-04
4.984855336633911560e-04
4.500011577773105342e-04
5.450588856952993944e-04
4.916322031335816634e-04
5.783031536272624507e-04
5.689239939385901113e-04
5.287816051659406658e-04
4.012526245804788616e-04
3.911187216155062596e-04
4.614493476670922245e-04
5.093241497148917607e-04
5.051590826811169777e-04
4.582739186948479870e-04
6.346106237896942392e-04
4.813333165916422463e-04
5.323886683936789044e-04
5.028353879955906047e-04
5.006145992915086995e-04
4.530023320497324202e-04
3.919925355680003998e-04
4.544236016527751498e-04
4.318478232993409882e-04
5.420232821847677240e-04
5.082710303087496773e-04
4.055118993278178374e-04
5.357941440259327004e-04
6.053761712345971657e-04
5.082494010126489825e-04
4.976918687623343995e-04
4.841969975490009737e-04
4.395631327551406675e-04
4.246632125863639140e-04
5.505758846520054928e-04
3.731978677504743658e-04
5.442345826363222117e-04
4.799904649434305615e-04
4.328507950490320666e-04
4.868584910412421252e-04
4.198707045796161441e-04
4.968125640894965889e-04
4.849056613205962596e-04
4.497459370985529281e-04
4.485999078807541285e-04
4.879697649914811752e-04
4.117026387280425803e-04
4.200167254539387274e-04
3.852067361741554063e-04
4.201933454697284742e-04
5.724723199393676187e-04
3.402862267987451228e-04
5.005625276774880450e-04
5.150350576630935429e-04
5.489311708036688497e-04
4.339432960356499891e-04
4.226725207139327145e-04
5.084698732012518652e-04
5.652078380118524814e-04
4.647868480222583365e-04
4.724283613979397833e-04
4.023453301858319342e-04
4.953053722431162431e-04
3.864631807341777081e-04
4.731432659895520865e-04
3.943556178691437486e-04
4.549926862043793263e-04
4.908654724575765849e-04
4.353639497608682851e-04
3.947150396713255960e-04
4.355972614962372313e-04
5.412336990919981716e-04
4.189051000608179365e-04
4.766908454469608036e-04
5.089963292702441577e-04
4.649566912609919000e-04
5.220793674648241400e-04
4.397481968199563884e-04
4.903804091816836574e-04
5.430786290250289028e-04
5.202647970483642581e-04
5.239932687705201042e-04
4.215728923641741399e-04
4.076924508730102314e-04
3.992674475678005541e-04
5.759497389621649754e-04
4.154678535009809215e-04
4.378240485783356506e-04
4.561242325748539328e-04
3.984081633685923607e-04
5.117077495791905184e-04
4.662251028976077682e-04
3.005486932577648707e-04
4.192963528099544201e-04
4.343127128307346096e-04
5.157056594896243518e-04
4.666938042713966728e-04
4.096143040021905934e-04
4.042918056858663123e-04
1.055392949987229989e-03
9.954488530861185791e-04
1.250213099202195088e-03
1.283441807365774678e-03
1.067336835703765197e-03
1.026062075109943766e-03
8.314641977441791787e-04
1.064471912066589782e-03
9.403233686343485942e-04
1.024444527860830789e-03
9.098793428388846083e-04
7.401711385895126671e-04
8.057228177940287117e-04
7.789248000809323447e-04
6.626933463610464037e-04
8.280808891458248111e-04
7.137589619519643658e-04
9.068897879464937750e-04
7.666823858865634556e-04
7.650770665508233037e-04
8.847876697499930387e-04
8.822835835505422886e-04
7.655343826274071950e-04
8.110525744698462991e-04
8.290487778165392396e-04
8.063221090632670396e-04
7.344052317607048519e-04
6.158658838026076499e-04
7.368862273456448786e-04
8.162342586786400234e-04
7.428404005336217142e-04
8.792624248530125919e-04
7.437008017502390322e-04
6.941578577153995067e-04
7.612279619966001720e-04
8.832831863210093004e-04
8.654016190478598658e-04
5.840251782959007820e-04
5.649080516123040907e-04
6.168089795664868924e-04
7.080469732327863974e-04
8.787785802725801843e-04
7.223229616899404237e-04
7.490422125087277394e-04
7.041650578564900842e-04
6.976841773578962291e-04
8.975343751029853101e-04
7.246406642958287680e-04
7.528503045861091592e-04
6.980627453577088748e-04
7.884758242178539767e-04
5.857519478513449618e-04
6.295665397376450090e-04
5.843940384590851078e-04
6.326598162137847536e-04
6.173491121235601120e-04
7.175576847956895155e-04
8.220047407537928175e-04
6.682537397191615214e-04
6.607335682545824318e-04
6.806907950920142170e-04
7.694651083967676830e-04
7.333962732326039513e-04
7.284370497683718970e-04
6.890936919483545142e-04
6.071441422017612166e-04
6.599704260868456684e-04
6.204628708231380019e-04
7.682308368669663046e-04
6.579531460496092221e-04
7.125141284585224943e-04
7.577594590276737208e-04
6.269856202204687756e-04
5.914596684132786275e-04
8.343130470220352923e-04
5.619629474556790683e-04
7.355057575348482313e-04
4.645410303572607147e-04
7.156980866303910838e-04
6.201941472116119514e-04
8.916735367648503940e-04
7.293783754045053691e-04
6.104179837044289292e-04
7.875498205911837801e-04
5.789059906631671693e-04
6.278286694136325785e-04
6.768199468110205896e-04
7.303630815521724995e-04
6.724682672768836356e-04
6.845734390843738471e-04
6.284185780933843057e-04
6.787148130426336190e-04
6.157009280068556634e-04
7.930335073648916988e-04
7.214335735472032773e-04
6.043973003047459214e-04
7.322331894501730998e-04
5.966667006455511624e-04
6.900920938701475549e-04
5.530611901627610627e-04
7.289008908811095422e-04
7.112497422152343207e-04
7.014484615068504458e-04
7.052013307655806418e-04
6.353704925372363754e-04
5.980697109765169273e-04
7.413355480100254635e-04
5.207489158777361959e-04
6.191427082637875057e-04
5.454368865054973203e-04
5.677453635676739385e-04
6.468680606056612103e-04
5.244522202654221255e-04
8.106197376320511960e-04
6.852390710934130880e-04
5.347740255558369737e-04
5.849905587171286281e-04
7.090687113865713764e-04
6.739534144827655227e-04
6.548609577805043769e-04
7.429047688524079152e-04
7.116288741348154867e-04
6.554149518386703788e-04
6.369884705938431979e-04
5.691949693430661816e-04
6.364581634721068470e-04
6.210835027741119785e-04
5.807398833481275391e-04
5.299246080186226227e-04
7.255789906451017013e-04
6.149198465434865812e-04
6.771190267844985622e-04
6.129460001420561355e-04
7.397491314436073495e-04
5.190376683022433768e-04
6.663370079966236814e-04
5.985559494458801699e-04
6.148722819081658963e-04
4.700854114170760489e-04
5.521405517514704764e-04
5.448939556278141472e-04
5.826052261606248783e-04
7.098098481854789310e-04
5.571249849184965741e-04
7.187142005268022660e-04
4.897934912197893231e-04
5.894317140613600237e-04
6.214079014604419193e-04
6.061428945055291617e-04
5.456736938564306361e-04
6.283631373191871095e-04
6.482137849678666630e-04
5.232579832523537311e-04
6.023795189553024509e-04
5.932689999764741151e-04
7.125878236641410013e-04
4.741251954712907835e-04
6.124339532625026894e-04
6.764867490524108240e-04
5.668877159288217282e-04
5.613234412003148543e-04
6.846958690106923207e-04
4.927554570795904254e-04
5.947499865029438892e-04
5.287276051437056479e-04
5.459383737581001428e-04
5.954487175221997997e-04
5.851081880287635484e-04
8.101173637918672454e-04
5.730640045611100353e-04
5.584884360831030015e-04
6.772669166511396943e-04
5.829317660220531550e-04
5.766272878796850632e-04
5.187745819021545579e-04
4.920321018527726298e-04
5.810778394644000588e-04
4.204428533354578890e-04
5.324885975226956170e-04
6.170737454544578116e-04
6.300241772944255303e-04
6.169650257926810599e-04
5.004745422379427988e-04
5.605211638091099624e-04
4.869474694437145312e-04
5.502489068894868274e-04
4.133584413317584194e-04
6.365046563426395021e-04
6.004834468880324017e-04
7.288734570905439081e-04
4.942371323070904321e-04
5.800375381194086688e-04
5.381873818179547242e-04
5.199066831962986801e-04
5.471018373872198193e-04
5.104681247577354253e-04
6.095517602879609032e-04
4.793161640878097762e-04
4.530767205879852877e-04
6.479596987819837006e-04
1.824727945307545729e-03
1.522464635162749935e-03
1.055607235340642880e-03
1.214612507510717809e-03
9.770136565080411728e-04
1.041288391293197085e-03
9.914595621867382247e-04
1.168535493620705135e-03
9.006156533365380912e-04
1.020349308732002025e-03
1.049113083509242011e-03
9.577514911565422617e-04
9.097383881315479481e-04
7.844612863457424423e-04
1.058087164924430973e-03
8.909344669671831474e-04
8.289724258319988714e-04
7.876146355143553990e-04
9.952517352970376152e-04
8.470569353669771262e-04
6.526675836707081235e-04
7.809099516992226708e-04
7.704968619413922470e-04
7.927254228962885008e-04
7.131882878775586132e-04
6.027359550950309175e-04
7.747992611041726319e-04
7.797975079002449073e-04
8.501311076507984954e-04
8.475800098367569646e-04
7.135238567820868794e-04
7.282230493182821618e-04
6.395918769047000130e-04
7.152489347777221673e-04
6.979879092153494502e-04
6.993822291724398343e-04
8.011600052135227357e-04
7.432304040996193240e-04
6.941373538256884190e-04
8.232234971071034080e-04
8.206024098267143685e-04
7.122493513083624772e-04
7.068578305753948909e-04
7.842042530737843020e-04
6.231431266042961048e-04
6.623403755356763178e-04
7.534542943294329775e-04
5.182217043933519396e-04
7.518880028518394598e-04
5.712409236700126403e-04
7.223912057459438985e-04
7.100763897217206300e-04
6.246681092597697327e-04
6.038493458493665589e-04
6.622298975811069521e-04
7.709451652513424347e-04
5.731865478823330862e-04
6.771231890406563536e-04
7.049967290609186754e-04
6.140998763878857680e-04
6.569327480344770709e-04
5.871813261919059390e-04
7.493731473857470626e-04
6.289099801261750777e-04
6.446020642381991572e-04
7.628776500982550890e-04
6.260187753165877278e-04
6.523176741772621079e-04
6.998418173156627231e-04
7.366546397386403155e-04
6.100527166243985278e-04
5.362375697482227310e-04
5.371537980730922701e-04
4.999055675104745189e-04
6.563074640994759346e-04
5.722536233095792957e-04
6.775776594123913976e-04
6.263010039275970775e-04
5.234432795552870776e-04
6.718112007338267189e-04
5.696619916022334362e-04
5.684392101678870102e-04
6.644951902622653339e-04
6.455964315207340931e-04
6.367937223525424462e-04
6.972451445859742525e-04
7.379904778293672196e-04
6.079796518262750582e-04
6.913772929380522514e-04
5.424042629043751562e-04
5.348846736359172405e-04
6.437441765454847420e-04
6.060722872026705343e-04
5.901462952312315491e-04
5.918736484368664064e-04
4.997573167896673940e-04
5.694180376680409161e-04
6.258204835129788091e-04
5.955012346948729274e-04
5.622515766739617782e-04
5.463802801182020275e-04
5.280378689506912138e-04
6.307244498832062507e-04
5.119013441309758217e-04
4.453479833384024755e-04
5.609347496627822838e-04
6.134872810866949522e-04
5.869013684592638835e-04
5.444188017247782174e-04
4.975406336400652052e-04
5.100194030395813205e-04
5.467522479652986434e-04
5.313439730548936979e-04
6.252130601102252883e-04
3.567206011995741055e-04
5.486606666352950024e-04
4.742207884339405544e-04
5.091823075207176086e-04
6.736136540362001879e-04
5.726564886003003563e-04
6.303197822296983943e-04
6.017899040189275683e-04
6.055382180632264133e-04
5.051277518226954255e-04
4.000791618956195395e-04
4.906824695743230991e-04
5.281648242612367594e-04
6.363892841808813094e-04
5.897907677899875967e-04
5.200049205160116317e-04
4.632516994979921088e-04
5.563231708371370321e-04
6.055732733715804561e-04
5.665634144649614456e-04
5.383663360527188302e-04
4.685255604315180511e-04
5.576619210979662233e-04
5.698571898627192989e-04
4.251062622271095659e-04
5.196669858823915744e-04
4.857147306014802934e-04
6.366802693225162568e-04
6.598938186205341450e-04
5.993726971303507678e-04
5.414160831874667568e-04
6.332004824797510256e-04
5.922937689773616343e-04
5.017156464537514404e-04
5.576787963008714155e-04
5.190428588810989952e-04
4.977068515682400718e-04
6.996601773762642362e-04
5.461991241479738357e-04
4.992393349389744051e-04
5.966418249437818733e-04
4.348900316247655828e-04
5.016284579194701942e-04
5.340301147485834732e-04
5.628292790998447315e-04
6.150732459124438889e-04
6.263058547670216636e-04
4.740159649440182921e-04
5.467766514584936066e-04
4.785087537735807639e-04
5.645777094879511626e-04
5.336500918892150835e-04
5.561154493607389782e-04
4.893436743083345863e-04
4.626459661120491118e-04
6.001710257053996522e-04
5.494942610033588803e-04
5.363222606375277202e-04
5.464890210964239159e-04
5.066505510407520729e-04
5.826332878912862667e-04
6.653065163103287494e-04
5.579373645811132321e-04
6.249392753585880644e-04
5.379006153271755075e-04
5.071918256832411154e-04
5.288461932276659894e-04
5.240791662774052506e-04
5.354462078173555240e-04
5.948990987841538958e-04
4.803982141825327568e-04
6.211483779589646592e-04
5.878174270802921653e-04
4.972113940275614541e-04
5.612019064379081268e-04
6.192028902909617327e-04
5.849343312188219624e-04
5.657514700999795310e-04
4.700259541794878093e-04
5.855263210813900498e-04
5.206136542387704291e-04
5.471627653494577637e-04
5.034496769596545629e-04
6.072052564332214297e-04
5.421124198312157749e-04
5.826090273992265423e-04
1.315215282150283826e-03
1.079781015313231729e-03
1.110310523884827649e-03
1.146516791112623529e-03
9.836101739923060194e-04
9.075239384825940780e-04
1.122131215604529192e-03
1.105977509591661578e-03
1.179977433926161084e-03
1.054230576531544478e-03
8.907554312861491741e-04
8.669981438098606219e-04
1.261429641190487533e-03
9.688900249102995466e-04
8.396472233107681038e-04
8.821844476399366697e-04
1.172715752491049895e-03
8.600111905388736766e-04
7.559820635730553351e-04
8.928719808374771527e-04
9.466733135917240749e-04
8.191205916067284543e-04
8.589357299682159885e-04
8.583614172898573758e-04
8.861338344838785852e-04
6.727182972000381178e-04
8.033609431317596805e-04
7.919507062912195527e-04
8.907418983332728024e-04
8.997470136742138913e-04
8.433117260927443237e-04
7.349680981032780114e-04
8.480172492642407134e-04
7.944796350989880018e-04
8.857170496116562042e-04
7.654086730142090067e-04
8.368699050761638225e-04
8.054148916558055704e-04
6.858770110774285722e-04
8.650559398602902794e-04
6.748465289026020497e-04
7.784057706239043417e-04
6.689984334431083035e-04
6.202833459819090400e-04
7.406047254472566954e-04
7.059623806730530582e-04
8.596535937979120356e-04
6.806653149247499091e-04
7.163874058113486876e-04
7.110619556821573539e-04
8.736382722195103201e-04
8.409359677699172753e-04
8.314131520695336452e-04
7.427681468796486219e-04
8.220706309321028360e-04
6.706218377666786634e-04
7.569613138684594400e-04
6.032793664053244520e-04
6.609561645707154320e-04
7.158804218510700368e-04
7.519992088363680605e-04
7.725075467889704062e-04
8.191016845397365576e-04
7.023347166436391675e-04
8.211268933288537464e-04
7.240824984417297550e-04
7.088891365081631535e-04
8.455829553195258474e-04
6.392443753239218651e-04
6.358427943529906812e-04
7.027941792789316189e-04
6.388513684869728815e-04
8.440577252120003149e-04
7.870862170107593980e-04
6.477140307934448060e-04
4.823970444209346731e-04
6.916252735906722182e-04
7.484511802883300757e-04
7.220842288032623679e-04
6.406706421780011818e-04
7.185129247583611767e-04
7.258609511544659998e-04
6.346160557080156306e-04
7.737533465879686823e-04
6.412980452797749364e-04
5.476503720997991098e-04
6.948460928301071482e-04
6.908029013515532002e-04
7.306066927642573816e-04
6.248134570453998948e-04
6.497032208335924708e-04
6.458770771718969073e-04
6.913657391055469392e-04
8.259797325878281971e-04
6.061460398301618535e-04
6.611478926283713420e-04
7.572448716598248475e-04
6.464264449923783074e-04
8.371703688724377312e-04
6.047241374018581805e-04
7.995593843321407990e-04
6.615035539455152436e-04
6.655612721730777559e-04
6.734935837594824282e-04
6.103999379544582105e-04
7.009501561104566902e-04
5.748148785819466589e-04
6.493210089561357590e-04
7.281357380528978573e-04
5.883747515693753261e-04
5.478221045084191720e-04
7.254420076858655864e-04
6.295165738833784219e-04
6.218274370368565007e-04
5.882403482741910272e-04
5.386209909583640487e-04
6.413543564186240109e-04
6.530317389601934808e-04
6.719469044102616140e-04
6.831144313992759676e-04
5.714307372400584395e-04
6.903140378010583222e-04
5.941306189513398395e-04
6.394674659678488415e-04
6.368001041788494410e-04
6.982934653243719203e-04
6.407822860341368110e-04
7.292100440369105041e-04
6.913732295962399244e-04
6.683908597323318102e-04
7.155765792936225056e-04
6.180701277734568233e-04
6.760603306216438069e-04
6.680199865127557646e-04
7.029965123556553008e-04
5.911590503103851535e-04
5.345696190062372566e-04
6.289886225849840307e-04
7.499239049181781469e-04
6.085011343533799910e-04
7.076721803645526221e-04
5.549486367817518806e-04
5.532977065577267262e-04
5.938309575490227643e-04
4.934336841211396651e-04
5.870511613150393437e-04
6.099135602912648946e-04
6.231777748945885320e-04
5.541905652664790016e-04
6.344433558609120782e-04
4.734877652427214867e-04
6.544606744218646466e-04
7.761285665263475964e-04
4.819102768765237688e-04
7.288260503898122411e-04
5.847136449816936477e-04
7.463583973301088359e-04
5.295147410677575328e-04
6.096442892560005600e-04
6.965034626721378075e-04
6.835439765234749276e-04
6.156534572009063344e-04
5.635250480044810828e-04
4.849366761629121669e-04
6.051292223725780739e-04
5.695529332608272044e-04
5.443973039721827778e-04
6.779620927945782805e-04
7.577486878420358618e-04
5.543174242081949643e-04
6.450215081104451742e-04
6.260527800973046675e-04
5.785677402249320145e-04
5.817614126665537899e-04
6.429593806702472991e-04
5.240786418836754224e-04
5.926811000404250129e-04
6.416588012923482576e-04
6.961307917960901648e-04
6.595767108298587755e-04
6.273903504193552305e-04
5.316573033890513444e-04
5.652926000111226090e-04
5.452528672181163050e-04
6.294286444959613924e-04
5.676018105138964931e-04
5.417186811120938694e-04
5.652399726442901284e-04
5.372035970619692957e-04
5.703601986622348907e-04
4.873265730578509036e-04
5.488090019268899999e-04
6.268786624411062935e-04
5.274540574238990864e-04
6.583538801579295885e-04
4.534343327604953289e-04
5.587536587899517848e-04
4.669913050442779656e-04
5.856746300091850155e-04
6.304353514532089198e-04
1.217095430618358315e-03
8.846226026243443619e-04
1.078171829611864613e-03
1.003523983599027836e-03
1.045409322951655617e-03
8.473111038566176478e-04
9.861175191814286478e-04
1.006188831898988806e-03
9.000406262417298686e-04
7.915914752815410294e-04
7.991328618736429079e-04
8.356189128911756248e-04
7.879378226865151047e-04
6.935671253452471707e-04
7.311592559003758651e-04
6.587630529806959290e-04
7.652092642981972448e-04
6.930453452461682318e-04
8.019066203416094774e-04
6.990313374144498104e-04
6.091082875237345540e-04
7.713915738747911810e-04
5.979472510583005995e-04
6.929941645740962664e-04
7.045971713157128669e-04
7.252862369973821222e-04
7.784480834458519516e-04
5.559086978925639744e-04
7.586923611597254369e-04
5.317920669113754273e-04
6.304399660944544348e-04
8.002431937239595783e-04
5.030754384072987084e-04
7.049948205412395752e-04
6.232452411419862892e-04
4.875220961161955135e-04
6.241480595837109457e-04
6.075589792404537115e-04
6.720882797624991301e-04
5.485072116485356641e-04
6.535408571745442152e-04
6.439877040757373272e-04
6.391248648280299649e-04
6.126865792675934008e-04
4.725350241299927645e-04
5.087390388499000993e-04
6.300329925116865404e-04
4.390407542878352332e-04
6.237184976053203322e-04
7.040040477550718601e-04
4.424327891909413113e-04
5.156401109438560337e-04
5.782353189650486780e-04
6.093873183889535194e-04
5.626168687880503394e-04
6.672981264832685000e-04
4.730146514855398943e-04
6.257061726986819228e-04
5.469389624634390934e-04
5.541551136652791976e-04
6.042877542470036223e-04
5.880286231692219423e-04
4.900375209537580212e-04
4.726888408973332900e-04
5.222128352580061861e-04
4.826639854794631534e-04
4.854941681993046876e-04
4.927545331700582121e-04
4.288736150212177356e-04
5.588629732431633912e-04
5.875139574184236324e-04
5.333653304325121358e-04
4.986289947741667783e-04
5.931775814410587822e-04
5.143618725121298918e-04
6.111837036846881621e-04
5.876480721596806511e-04
4.296077762942218659e-04
5.380933867290202399e-04
4.951792072910680964e-04
4.009145365774444136e-04
5.533117078724281157e-04
5.038023700036815822e-04
7.063105676976093317e-04
5.919218457030861469e-04
6.731475878272441538e-04
5.030362658616956140e-04
6.393436811320887814e-04
4.121501650697564911e-04
5.117535755002032560e-04
5.337633605932423642e-04
5.131750340792128051e-04
5.699861436422766492e-04
5.113691535498128549e-04
4.942421396200366579e-04
3.928564917788819610e-04
4.385355229558351997e-04
5.015111258076104805e-04
5.229678193880218928e-04
5.553813982484973044e-04
5.841812455061809461e-04
4.125052694304472134e-04
5.276461868838171199e-04
4.251772005386400544e-04
5.496875725630248621e-04
5.689309852795476630e-04
3.901456204644798698e-04
5.180030175357570876e-04
4.619699625830302192e-04
4.927231903414479308e-04
3.882383340393473492e-04
5.915086695556827368e-04
4.593436353717977871e-04
5.210339921212572833e-04
5.521755362743463458e-04
4.414476806794721819e-04
4.476778644487214298e-04
4.903806816751732356e-04
5.287161879144394727e-04
3.869329561709128340e-04
4.488061894975664545e-04
4.956914748240892621e-04
5.452684659037060344e-04
4.445040309543971113e-04
4.446870740750542839e-04
4.498740653228715247e-04
5.223421152890164731e-04
4.623246414524259662e-04
4.528864513231485589e-04
5.151476533196211460e-04
4.122118060722358701e-04
4.698062790804181932e-04
4.985218720566925166e-04
4.467279241783528310e-04
5.012704449755510383e-04
4.193253075131936347e-04
4.383884246956515351e-04
4.803325605613091576e-04
3.183948230260913448e-04
3.205660391584347346e-04
4.769921961559064894e-04
4.151061792075812218e-04
3.620046397424560303e-04
3.852998557467013363e-04
3.617701631100644910e-04
4.331851197395715503e-04
4.136985305370211030e-04
5.952005446567473768e-04
4.969590489013984980e-04
3.890267240052973363e-04
4.694984411654987144e-04
5.094314761339251152e-04
4.800971812845035436e-04
3.859451210744373195e-04
4.341955062412417021e-04
4.142480419821181759e-04
3.793019653008447567e-04
4.026637687461337434e-04
4.633804996142833199e-04
4.825892872772664932e-04
3.677499584593957316e-04
4.350058408706183877e-04
4.145352073146278682e-04
5.694825050330323823e-04
4.223000537307390612e-04
5.121839580727732821e-04
4.046430660237382293e-04
5.236432020201547965e-04
4.355264398470566622e-04
2.880683988634238912e-04
4.065060165989523022e-04
4.348286147022560610e-04
4.571894816717061993e-04
4.216581184122228376e-04
3.740412056079424341e-04
4.552516653039719030e-04
4.364890704422995371e-04
3.953223169061159670e-04
4.726386250320929738e-04
4.358505097030104802e-04
3.537748298604627417e-04
4.094115097407653725e-04
5.398736201154968883e-04
4.870689608494974121e-04
4.675879357424264637e-04
3.835826414661860917e-04
4.923790502289956961e-04
4.135670758515057333e-04
4.286170681883881561e-04
5.432575079489659897e-04
3.917767776771483024e-04
3.173262124787357141e-04
3.925164803154357340e-04
4.333411771136053137e-04
4.475039347925265087e-04
4.606661447245571916e-04
4.324428307749608735e-04
5.709242714486764680e-04
4.313941963744460928e-04
5.491905820876087641e-04
1.611641562644764575e-03
1.529423276211656219e-03
1.034025042240423881e-03
9.487864495276547572e-04
9.778730004431392120e-04
1.113436696334346721e-03
9.324703892658776916e-04
7.011253487661760209e-04
8.725093717612264488e-04
8.250103685982432267e-04
9.246849971778561827e-04
8.538888182376136449e-04
8.141469106570237146e-04
8.726680917967889750e-04
7.234598768474098662e-04
7.029025826070268990e-04
7.550189216871290576e-04
7.735142792794982847e-04
6.974712274983863036e-04
7.825451705297560567e-04
8.747618205610444009e-04
6.444254944467826818e-04
6.545600833590646539e-04
6.447711416777308913e-04
8.168415474082146854e-04
7.710245572273566328e-04
5.978904219756178695e-04
6.083594400581975037e-04
7.160785029140179225e-04
5.739947408937226547e-04
6.691850136998252208e-04
5.950345009314225719e-04
5.856294761736637045e-04
6.346580365935543255e-04
7.754968975533065023e-04
5.822867039026805025e-04
6.014731618763750898e-04
6.440222606051773657e-04
6.813280405869800993e-04
6.541307291217796083e-04
5.499974514297512052e-04
5.543496513218809651e-04
6.004798974837133319e-04
5.240739835567463645e-04
5.019624725270260823e-04
4.973802173015261230e-04
6.324827417137461605e-04
4.469829982249109990e-04
5.776014316429059492e-04
7.906387292067953987e-04
6.028401835459253066e-04
6.094822438698320466e-04
5.619728796650708125e-04
5.063727713674401332e-04
5.316952007178681050e-04
6.026855928028367060e-04
4.253257379013344885e-04
5.491248184483106531e-04
5.463023145872714093e-04
6.217667979885495300e-04
4.320054783118892905e-04
5.606508847727890987e-04
6.383504066367791385e-04
5.812945431939303687e-04
7.875071702552575992e-04
5.232363462237335505e-04
5.583042015432845839e-04
6.047172944793274829e-04
5.351883793812822754e-04
4.276172410830718362e-04
5.703296988555407732e-04
5.161726870123659050e-04
4.819043929673479110e-04
5.897590497730247072e-04
5.271153091011421266e-04
6.490549592897444653e-04
4.498873763344006516e-04
4.962073999050867212e-04
6.195833404328936200e-04
5.915584903398093952e-04
6.331511109412962801e-04
4.378030704457365474e-04
5.936487037366405817e-04
4.647846524123734613e-04
6.550871407735581187e-04
5.534975925873750202e-04
5.517546741457129977e-04
4.632028611306487909e-04
6.267352676883851392e-04
6.544068037020213391e-04
6.885110908703730159e-04
5.990705338667842716e-04
5.711526962535531937e-04
5.702211902100413898e-04
6.276335857692098841e-04
5.691040324698089237e-04
5.023930454664503331e-04
6.502876114808896213e-04
4.522324082025588887e-04
5.668360935221564145e-04
5.499122641392795163e-04
5.369465910254368757e-04
5.052671087448987186e-04
5.568297921399040229e-04
5.574891838902099050e-04
6.353127344804129772e-04
5.392133248028063708e-04
6.763096811670081532e-04
5.162589829921758466e-04
5.766028880921786337e-04
6.521875106560368063e-04
6.156349852946482737e-04
5.996722629011061456e-04
6.225529330506143766e-04
5.083934116227699362e-04
6.122659161408271211e-04
5.826961004039322989e-04
6.228880048253365720e-04
5.093779614842690318e-04
5.831832134469139284e-04
5.671725607026070759e-04
5.220783330957337598e-04
5.661604112922741239e-04
6.198404572042327809e-04
5.172789326968602053e-04
7.340735168487669271e-04
6.124732050641554237e-04
5.577833564570436331e-04
6.986146097345408146e-04
6.113695239529752523e-04
6.137332080816751412e-04
5.071375310847954510e-04
5.846013642316905123e-04
4.844544503430844862e-04
6.788189287639627423e-04
5.675516958986645544e-04
6.081826603873095871e-04
4.763513564473541295e-04
5.789163374640346471e-04
5.638375945110907228e-04
5.589601793244761141e-04
5.505810245480698140e-04
6.012516374884063763e-04
5.546613492195470729e-04
4.509517508630746241e-04
5.127238884675283659e-04
6.354407304816692137e-04
5.216459011959280467e-04
4.880635042881324714e-04
4.049599740084952604e-04
6.408458851394800704e-04
5.393670832612336430e-04
4.990347832818479989e-04
6.401736018725144584e-04
5.741161757854482128e-04
6.147858270681497150e-04
5.749549588537003486e-04
4.683021780325855032e-04
6.812441310835755381e-04
6.085182105695433052e-04
4.097249822544897502e-04
5.614897788111250510e-04
5.996990598736359757e-04
4.815159318900495700e-04
5.373449188242895858e-04
5.671938469591145116e-04
6.148916704815342305e-04
5.610907138440222874e-04
5.465226453932950368e-04
7.225146572072752016e-04
5.799585591768977033e-04
6.351546647076489194e-04
5.433387368810431439e-04
6.871545374493928660e-04
5.513122943021954436e-04
5.514518056967052106e-04
5.823775143210599414e-04
6.498106910035744699e-04
6.048080249902061667e-04
5.532388322228680433e-04
5.435659845350361563e-04
5.672025210980702337e-04
5.490427006348171102e-04
6.622849685012956178e-04
6.189630319453735818e-04
6.427411753782974468e-04
5.850262687306442833e-04
5.846674735198731376e-04
5.416073998160200742e-04
5.356379080039760932e-04
5.677501878919299916e-04
5.151160251536703039e-04
6.210342751408401418e-04
5.463847315307183983e-04
5.998327682784319881e-04
5.438053881832057013e-04
6.860487316440143368e-04
4.677659070536042962e-04
5.399657066285611096e-04
5.946061943551649021e-04
1.654806248984248135e-03
1.170004204848914403e-03
1.312048878693641840e-03
1.026924376679349410e-03
8.658036765127330447e-04
1.151090452903132111e-03
1.093064544559662482e-03
9.285488399600472231e-04
1.107039511492619727e-03
1.060589669627905879e-03
8.950593390193474497e-04
8.164548599110081628e-04
8.396175897788064890e-04
1.006861361359585871e-03
8.231374899055447780e-04
8.448202587550308895e-04
9.624488200133500537e-04
9.927471352341350752e-04
6.812696522449368519e-04
8.216519469689820276e-04
7.631512109243163144e-04
9.645202621378738683e-04
8.210489918882429849e-04
7.690120025420146832e-04
7.813812305046616280e-04
7.095077293571318278e-04
7.057176727901515179e-04
7.970381861611142149e-04
7.292915776268976691e-04
7.015874974871938452e-04
8.603727088035417747e-04
7.058647488007614712e-04
8.135094995648656235e-04
6.631825918389719354e-04
7.002659708898670288e-04
7.748311652516250148e-04
6.114772151345759799e-04
6.547350698245836542e-04
6.543914324484249867e-04
6.871532441817679304e-04
6.812628972510739733e-04
8.016889069313512528e-04
8.348405971640472656e-04
7.618189585899201588e-04
6.916194475571971201e-04
6.539908723546122848e-04
6.969687352240752642e-04
8.512494634181425046e-04
6.531350538576119469e-04
7.413490561679510205e-04
6.564681729675399258e-04
6.945497959837225455e-04
6.458365310145486315e-04
6.786986872939944349e-04
7.351225624011060999e-04
6.671295346966886475e-04
6.807038559435499292e-04
5.739048935773163884e-04
7.818922002184765241e-04
7.244711863510777672e-04
7.304578995798657881e-04
5.186170998560946099e-04
6.993329689346655664e-04
6.951359928052611159e-04
6.462524347730057295e-04
6.794825117280439697e-04
5.343801706763559589e-04
5.467412695421003388e-04
4.930021592413486031e-04
5.453201633276276439e-04
6.760582644688775678e-04
6.204384535770483822e-04
5.911131473295312688e-04
6.577424996195326001e-04
6.499839934436049682e-04
5.817395563875969733e-04
5.770138940417654516e-04
7.339867458362528407e-04
4.705217022510817249e-04
7.308737397669420877e-04
7.256182710662362201e-04
6.693160350988540397e-04
6.171044640329303999e-04
7.184227365768826312e-04
5.613433142854819258e-04
6.224534711658617769e-04
6.969329471618219973e-04
6.274715010188107456e-04
6.473376327807700559e-04
6.645398286138429200e-04
6.506204737345457068e-04
6.419211598631194282e-04
5.646728550080630515e-04
6.501611722511541069e-04
5.765791193539857029e-04
6.882365568301011816e-04
6.803539212735867925e-04
6.438968686097341909e-04
7.390229952986410167e-04
7.325385549163850041e-04
6.185313366146340253e-04
5.897008412175386294e-04
5.680743278046636313e-04
7.792618475234401598e-04
5.718113043829547992e-04
5.814348834589713744e-04
6.429532722261356581e-04
4.995962743636270242e-04
6.557482899986755154e-04
7.311460513296924590e-04
7.991102841872731177e-04
5.822077334241559932e-04
5.961307050947224628e-04
6.340247612435546964e-04
6.132210051116859795e-04
7.325382068876160058e-04
6.510099050610965166e-04
6.630854682943554401e-04
6.059168114094619362e-04
5.624890695810694230e-04
5.348116692357532398e-04
7.109893156427640748e-04
6.562986305946941212e-04
5.815864594438426016e-04
6.024918319402217115e-04
6.370548147463690747e-04
6.885936512752190153e-04
6.198999586482824287e-04
4.843962707899059084e-04
6.054274033466741645e-04
6.234678029414970901e-04
5.344993403858522285e-04
5.923967581580452668e-04
6.080177717463497444e-04
6.037836147286396171e-04
6.960968650197123242e-04
5.880661159003673644e-04
5.973947014390121324e-04
5.548105254421023536e-04
5.454021981146604803e-04
6.367498861677561850e-04
6.108923644481088766e-04
6.366137581908896947e-04
6.468721521175543887e-04
6.595643993471261846e-04
5.656702929239532107e-04
5.766191728874409117e-04
6.389146442139261028e-04
6.354262576301235310e-04
6.327650031230196148e-04
5.539124175764839619e-04
6.801265019087260333e-04
5.715533912493894753e-04
5.724357708295733926e-04
7.047223688107263906e-04
5.896101203796133561e-04
6.476436782777705847e-04
5.588846197567103047e-04
5.491425042342228113e-04
6.608084162881174006e-04
6.423053213521628946e-04
6.129525189024417897e-04
5.196650232410643389e-04
5.906549881987653572e-04
5.563042461862559296e-04
5.732828825279895346e-04
6.512123228076260872e-04
6.468892886760842231e-04
4.895034324107656876e-04
6.831825779990974290e-04
5.447864069285587862e-04
6.009080653627922597e-04
5.422748938979544964e-04
5.674142016108586761e-04
6.198513281084269688e-04
6.185572693752743045e-04
6.265309969684211555e-04
6.147850257454436085e-04
6.858344338641665650e-04
6.436757450158057947e-04
5.308502418254722188e-04
4.823835173650634078e-04
5.375771346200243495e-04
6.226455780796932848e-04
6.893542103232515317e-04
5.613925049090737196e-04
5.127143428117000856e-04
5.273875082227874600e-04
5.008709197941059454e-04
4.586745610638265358e-04
5.799794639762302639e-04
5.782546162228056896e-04
6.303839622662128772e-04
5.244581454221554362e-04
6.130369602851855337e-04
5.085654158631554289e-04
5.587148219127029136e-04
6.174762076506315478e-04
5.256790809096203998e-04
5.579168264127250254e-04
1.975379334620677718e-03
1.355534093977754651e-03
1.240526707969400594e-03
9.910396665271346828e-04
1.347454835509014071e-03
9.898110640958086848e-04
1.063593946265359302e-03
8.730903019386962449e-04
9.470516727302542848e-04
1.176862743651349574e-03
1.107320583023364141e-03
1.074953214076079799e-03
1.077380412135019866e-03
9.323885683441834882e-04
9.563556659288492690e-04
1.044988697831747415e-03
6.569194616372897588e-04
8.952360881206433696e-04
9.246010010976503379e-04
7.685247181373304481e-04
8.283325508023110795e-04
8.381021776430255810e-04
7.526589383954583601e-04
7.298136940694956165e-04
7.016938148622087201e-04
7.452691843434049168e-04
7.066662785161006988e-04
7.164114261722226429e-04
7.120382419202181401e-04
7.733276376261609408e-04
5.034127549566579096e-04
6.459711873089239720e-04
6.381271846349623189e-04
5.470477139990909121e-04
6.745340178105525830e-04
6.726381418764096343e-04
5.759671167147872861e-04
6.004586292369697154e-04
6.882855083977859612e-04
5.841674016519339541e-04
5.229340215348772525e-04
7.319348033548757348e-04
8.669883822060228673e-04
5.406808246396985207e-04
5.995153737320055298e-04
4.401612224477907676e-04
5.572019968051317163e-04
5.742429306108791376e-04
6.315889820390115095e-04
5.124388938118965009e-04
6.639238745242137529e-04
5.607431596138523489e-04
6.253827315236479278e-04
5.565085804054292762e-04
6.624698039768631141e-04
5.808246759244663215e-04
5.065670950625197899e-04
5.684115739990960869e-04
4.957426720934854369e-04
5.107213831673021454e-04
5.211575834814033414e-04
5.522436400919143729e-04
5.882931330280088966e-04
5.097857154411043756e-04
5.070068944200804839e-04
6.138474218145249794e-04
5.916480952462416232e-04
5.936309299479219925e-04
5.158897888855387692e-04
5.064575191339668048e-04
5.515130655754027500e-04
4.819039663585440725e-04
5.337769571462890050e-04
4.811697713969984025e-04
4.521778992784483697e-04
4.422376725077906134e-04
4.772521538033390465e-04
5.329960510429693210e-04
4.924072437486534670e-04
5.409256115717492319e-04
6.186547616038456932e-04
4.639431157735761369e-04
6.110456931613383880e-04
5.339755313040588092e-04
4.728011434756672349e-04
5.483702037520979400e-04
4.659057450610779028e-04
4.598525111838072665e-04
6.392440962871524801e-04
5.363654699621286936e-04
5.339193229206007363e-04
4.928835917032553526e-04
4.178214012371395114e-04
5.135981271626108291e-04
4.414216393512221392e-04
5.116853818980804380e-04
4.836397791762835074e-04
5.839487643148032203e-04
5.233087571379357872e-04
5.722240169892256478e-04
6.845639315975413086e-04
3.512020131529666744e-04
6.193139818159582033e-04
4.931509116694980654e-04
5.249069295668422341e-04
6.640459481448215961e-04
4.831363716567248223e-04
5.627383909449640287e-04
4.654579275174437758e-04
4.914849307088436925e-04
4.138191353070877487e-04
5.880910574668843371e-04
4.686549704179185372e-04
4.651605692736621167e-04
5.494266104997223843e-04
5.147410096356212772e-04
5.201843266451483538e-04
5.483686425095911365e-04
5.639958301942339658e-04
4.709973634698695621e-04
5.488688991451967647e-04
4.831658986494749564e-04
5.663090357086349169e-04
5.455586539506798727e-04
3.968561397863848428e-04
5.058594931424374719e-04
4.908822684234828704e-04
6.221971045943831824e-04
5.235719598410196185e-04
5.675296561312610788e-04
5.269544110356634559e-04
5.209104727923047351e-04
4.894294825610670530e-04
5.113819692342674861e-04
4.783914668179817253e-04
5.973376705408692255e-04
4.452017104500417821e-04
4.805191717135136320e-04
5.295728756149475913e-04
4.744128854898659042e-04
4.654363377080937558e-04
4.644636226697994308e-04
4.861075243588544592e-04
4.613765441009096135e-04
5.283433149623935343e-04
4.942028121627702053e-04
5.107797517298236223e-04
3.989989101661484128e-04
5.083398900842181489e-04
5.275749866737386440e-04
5.191156530953387749e-04
6.536841855731730100e-04
4.364229641775109469e-04
3.683888000081646241e-04
4.908880744058929935e-04
5.349980590612785081e-04
4.145879538169534861e-04
5.352921777898068945e-04
4.774188100998520701e-04
4.803328997995855165e-04
4.178916687096710658e-04
4.320341008147952910e-04
4.096468257480528896e-04
5.827594233563382353e-04
5.039631772112591890e-04
5.563052039403333648e-04
5.364623715727705189e-04
4.349692321899620295e-04
4.378159120785492242e-04
4.554408983928753818e-04
4.063278216217304506e-04
5.127376328600934119e-04
5.033396889210714487e-04
4.936088548512899965e-04
3.857140155279631388e-04
3.977722954903069319e-04
5.140029468488419018e-04
3.545209964343418174e-04
4.717603831425748462e-04
5.435138195082241108e-04
5.458767630115921032e-04
4.115494882739184623e-04
4.480475276240937499e-04
4.885123090453240280e-04
4.274600263536980360e-04
4.684601382439722295e-04
4.541127207755776829e-04
4.767897920188342298e-04
4.980932466093213051e-04
4.049738831912383374e-04
5.160554909268352808e-04
4.692036483478836950e-04
4.449047423982499527e-04
4.717697651765821731e-04
5.033271979138012608e-04
4.240932115214951503e-04
4.967005357012672928e-04
4.577567094313853002e-04
5.202621575854764202e-04
4.314396560874539377e-04
